MCore, MMantle, MWater, MGas, RCore, RMantle, RWater, RPlanet
0.5	 0	 0	 0	 0.626259	 0.626259	 0.626259	 0.626259	 
0.6	 0	 0	 0	 0.660485	 0.660485	 0.660485	 0.660485	 
0.7	 0	 0	 0	 0.690561	 0.690561	 0.690561	 0.690561	 
0.8	 0	 0	 0	 0.717464	 0.717464	 0.717464	 0.717464	 
0.9	 0	 0	 0	 0.741854	 0.741854	 0.741854	 0.741854	 
1	 0	 0	 0	 0.764197	 0.764197	 0.764197	 0.764197	 
1.1	 0	 0	 0	 0.784837	 0.784837	 0.784837	 0.784837	 
1.2	 0	 0	 0	 0.804036	 0.804036	 0.804036	 0.804036	 
1.3	 0	 0	 0	 0.821997	 0.821997	 0.821997	 0.821997	 
1.4	 0	 0	 0	 0.838883	 0.838883	 0.838883	 0.838883	 
1.5	 0	 0	 0	 0.854824	 0.854824	 0.854824	 0.854824	 
1.6	 0	 0	 0	 0.86993	 0.86993	 0.86993	 0.86993	 
1.7	 0	 0	 0	 0.884288	 0.884288	 0.884288	 0.884288	 
1.8	 0	 0	 0	 0.897975	 0.897975	 0.897975	 0.897975	 
1.9	 0	 0	 0	 0.911055	 0.911055	 0.911055	 0.911055	 
2	 0	 0	 0	 0.923582	 0.923582	 0.923582	 0.923582	 
2.1	 0	 0	 0	 0.935605	 0.935605	 0.935605	 0.935605	 
2.2	 0	 0	 0	 0.947169	 0.947169	 0.947169	 0.947169	 
2.3	 0	 0	 0	 0.958304	 0.958304	 0.958304	 0.958304	 
2.4	 0	 0	 0	 0.969048	 0.969048	 0.969048	 0.969048	 
2.5	 0	 0	 0	 0.979425	 0.979425	 0.979425	 0.979425	 
2.6	 0	 0	 0	 0.989463	 0.989463	 0.989463	 0.989463	 
2.7	 0	 0	 0	 0.999185	 0.999185	 0.999185	 0.999185	 
2.8	 0	 0	 0	 1.00861	 1.00861	 1.00861	 1.00861	 
2.9	 0	 0	 0	 1.01776	 1.01776	 1.01776	 1.01776	 
3	 0	 0	 0	 1.02665	 1.02665	 1.02665	 1.02665	 
3.1	 0	 0	 0	 1.03529	 1.03529	 1.03529	 1.03529	 
3.2	 0	 0	 0	 1.0437	 1.0437	 1.0437	 1.0437	 
3.3	 0	 0	 0	 1.0519	 1.0519	 1.0519	 1.0519	 
3.4	 0	 0	 0	 1.05988	 1.05988	 1.05988	 1.05988	 
3.5	 0	 0	 0	 1.06767	 1.06767	 1.06767	 1.06767	 
3.6	 0	 0	 0	 1.07527	 1.07527	 1.07527	 1.07527	 
3.7	 0	 0	 0	 1.0827	 1.0827	 1.0827	 1.0827	 
3.8	 0	 0	 0	 1.08996	 1.08996	 1.08996	 1.08996	 
3.9	 0	 0	 0	 1.09705	 1.09705	 1.09705	 1.09705	 
4	 0	 0	 0	 1.104	 1.104	 1.104	 1.104	 
4.1	 0	 0	 0	 1.11079	 1.11079	 1.11079	 1.11079	 
4.2	 0	 0	 0	 1.11745	 1.11745	 1.11745	 1.11745	 
4.3	 0	 0	 0	 1.12397	 1.12397	 1.12397	 1.12397	 
4.4	 0	 0	 0	 1.13037	 1.13037	 1.13037	 1.13037	 
4.5	 0	 0	 0	 1.13663	 1.13663	 1.13663	 1.13663	 
4.6	 0	 0	 0	 1.14279	 1.14279	 1.14279	 1.14279	 
4.7	 0	 0	 0	 1.14882	 1.14882	 1.14882	 1.14882	 
4.8	 0	 0	 0	 1.15475	 1.15475	 1.15475	 1.15475	 
4.9	 0	 0	 0	 1.16057	 1.16057	 1.16057	 1.16057	 
5	 0	 0	 0	 1.16629	 1.16629	 1.16629	 1.16629	 
5.1	 0	 0	 0	 1.17191	 1.17191	 1.17191	 1.17191	 
5.2	 0	 0	 0	 1.17744	 1.17744	 1.17744	 1.17744	 
5.3	 0	 0	 0	 1.18287	 1.18287	 1.18287	 1.18287	 
5.4	 0	 0	 0	 1.18822	 1.18822	 1.18822	 1.18822	 
5.5	 0	 0	 0	 1.19348	 1.19348	 1.19348	 1.19348	 
5.6	 0	 0	 0	 1.19866	 1.19866	 1.19866	 1.19866	 
5.7	 0	 0	 0	 1.20376	 1.20376	 1.20376	 1.20376	 
5.8	 0	 0	 0	 1.20878	 1.20878	 1.20878	 1.20878	 
5.9	 0	 0	 0	 1.21373	 1.21373	 1.21373	 1.21373	 
6	 0	 0	 0	 1.2186	 1.2186	 1.2186	 1.2186	 
6.1	 0	 0	 0	 1.22341	 1.22341	 1.22341	 1.22341	 
6.2	 0	 0	 0	 1.22814	 1.22814	 1.22814	 1.22814	 
6.3	 0	 0	 0	 1.23281	 1.23281	 1.23281	 1.23281	 
6.4	 0	 0	 0	 1.23741	 1.23741	 1.23741	 1.23741	 
6.5	 0	 0	 0	 1.24196	 1.24196	 1.24196	 1.24196	 
6.6	 0	 0	 0	 1.24644	 1.24644	 1.24644	 1.24644	 
6.7	 0	 0	 0	 1.25086	 1.25086	 1.25086	 1.25086	 
6.8	 0	 0	 0	 1.25522	 1.25522	 1.25522	 1.25522	 
6.9	 0	 0	 0	 1.25953	 1.25953	 1.25953	 1.25953	 
7	 0	 0	 0	 1.26378	 1.26378	 1.26378	 1.26378	 
7.1	 0	 0	 0	 1.26798	 1.26798	 1.26798	 1.26798	 
7.2	 0	 0	 0	 1.27212	 1.27212	 1.27212	 1.27212	 
7.3	 0	 0	 0	 1.27622	 1.27622	 1.27622	 1.27622	 
7.4	 0	 0	 0	 1.28027	 1.28027	 1.28027	 1.28027	 
7.5	 0	 0	 0	 1.28426	 1.28426	 1.28426	 1.28426	 
7.6	 0	 0	 0	 1.28822	 1.28822	 1.28822	 1.28822	 
7.7	 0	 0	 0	 1.29212	 1.29212	 1.29212	 1.29212	 
7.8	 0	 0	 0	 1.29598	 1.29598	 1.29598	 1.29598	 
7.9	 0	 0	 0	 1.2998	 1.2998	 1.2998	 1.2998	 
8	 0	 0	 0	 1.30357	 1.30357	 1.30357	 1.30357	 
8.1	 0	 0	 0	 1.3073	 1.3073	 1.3073	 1.3073	 
8.2	 0	 0	 0	 1.311	 1.311	 1.311	 1.311	 
8.3	 0	 0	 0	 1.31465	 1.31465	 1.31465	 1.31465	 
8.4	 0	 0	 0	 1.31826	 1.31826	 1.31826	 1.31826	 
8.5	 0	 0	 0	 1.32183	 1.32183	 1.32183	 1.32183	 
8.6	 0	 0	 0	 1.32537	 1.32537	 1.32537	 1.32537	 
8.7	 0	 0	 0	 1.32887	 1.32887	 1.32887	 1.32887	 
8.8	 0	 0	 0	 1.33233	 1.33233	 1.33233	 1.33233	 
8.9	 0	 0	 0	 1.33576	 1.33576	 1.33576	 1.33576	 
9	 0	 0	 0	 1.33916	 1.33916	 1.33916	 1.33916	 
9.1	 0	 0	 0	 1.34252	 1.34252	 1.34252	 1.34252	 
9.2	 0	 0	 0	 1.34585	 1.34585	 1.34585	 1.34585	 
9.3	 0	 0	 0	 1.34914	 1.34914	 1.34914	 1.34914	 
9.4	 0	 0	 0	 1.35241	 1.35241	 1.35241	 1.35241	 
9.5	 0	 0	 0	 1.35564	 1.35564	 1.35564	 1.35564	 
9.6	 0	 0	 0	 1.35884	 1.35884	 1.35884	 1.35884	 
9.7	 0	 0	 0	 1.36201	 1.36201	 1.36201	 1.36201	 
9.8	 0	 0	 0	 1.36515	 1.36515	 1.36515	 1.36515	 
9.9	 0	 0	 0	 1.36827	 1.36827	 1.36827	 1.36827	 
10	 0	 0	 0	 1.37135	 1.37135	 1.37135	 1.37135	 
