MCore, MMantle, MWater, MGas, RCore, RMantle, RWater, RPlanet
0	 0	 0.5	 0	 0	 0	 1.14913	 1.14913	 
0	 0	 0.6	 0	 0	 0	 1.20946	 1.20946	 
0	 0	 0.7	 0	 0	 0	 1.26236	 1.26236	 
0	 0	 0.8	 0	 0	 0	 1.30977	 1.30977	 
0	 0	 0.9	 0	 0	 0	 1.35289	 1.35289	 
0	 0	 1	 0	 0	 0	 1.3925	 1.3925	 
0	 0	 1.1	 0	 0	 0	 1.4292	 1.4292	 
0	 0	 1.2	 0	 0	 0	 1.46343	 1.46343	 
0	 0	 1.3	 0	 0	 0	 1.49553	 1.49553	 
0	 0	 1.4	 0	 0	 0	 1.52577	 1.52577	 
0	 0	 1.5	 0	 0	 0	 1.55437	 1.55437	 
0	 0	 1.6	 0	 0	 0	 1.58152	 1.58152	 
0	 0	 1.7	 0	 0	 0	 1.60736	 1.60736	 
0	 0	 1.8	 0	 0	 0	 1.63204	 1.63204	 
0	 0	 1.9	 0	 0	 0	 1.65565	 1.65565	 
0	 0	 2	 0	 0	 0	 1.67829	 1.67829	 
0	 0	 2.1	 0	 0	 0	 1.70004	 1.70004	 
0	 0	 2.2	 0	 0	 0	 1.72097	 1.72097	 
0	 0	 2.3	 0	 0	 0	 1.74115	 1.74115	 
0	 0	 2.4	 0	 0	 0	 1.76063	 1.76063	 
0	 0	 2.5	 0	 0	 0	 1.77946	 1.77946	 
0	 0	 2.6	 0	 0	 0	 1.79769	 1.79769	 
0	 0	 2.7	 0	 0	 0	 1.81535	 1.81535	 
0	 0	 2.8	 0	 0	 0	 1.83247	 1.83247	 
0	 0	 2.9	 0	 0	 0	 1.8491	 1.8491	 
0	 0	 3	 0	 0	 0	 1.86526	 1.86526	 
0	 0	 3.1	 0	 0	 0	 1.88098	 1.88098	 
0	 0	 3.2	 0	 0	 0	 1.89628	 1.89628	 
0	 0	 3.3	 0	 0	 0	 1.91119	 1.91119	 
0	 0	 3.4	 0	 0	 0	 1.92572	 1.92572	 
0	 0	 3.5	 0	 0	 0	 1.93989	 1.93989	 
0	 0	 3.6	 0	 0	 0	 1.95373	 1.95373	 
0	 0	 3.7	 0	 0	 0	 1.96724	 1.96724	 
0	 0	 3.8	 0	 0	 0	 1.98044	 1.98044	 
0	 0	 3.9	 0	 0	 0	 1.99335	 1.99335	 
0	 0	 4	 0	 0	 0	 2.00598	 2.00598	 
0	 0	 4.1	 0	 0	 0	 2.01834	 2.01834	 
0	 0	 4.2	 0	 0	 0	 2.03045	 2.03045	 
0	 0	 4.3	 0	 0	 0	 2.0423	 2.0423	 
0	 0	 4.4	 0	 0	 0	 2.05392	 2.05392	 
0	 0	 4.5	 0	 0	 0	 2.06531	 2.06531	 
0	 0	 4.6	 0	 0	 0	 2.07648	 2.07648	 
0	 0	 4.7	 0	 0	 0	 2.08745	 2.08745	 
0	 0	 4.8	 0	 0	 0	 2.0982	 2.0982	 
0	 0	 4.9	 0	 0	 0	 2.10877	 2.10877	 
0	 0	 5	 0	 0	 0	 2.11914	 2.11914	 
0	 0	 5.1	 0	 0	 0	 2.12933	 2.12933	 
0	 0	 5.2	 0	 0	 0	 2.13935	 2.13935	 
0	 0	 5.3	 0	 0	 0	 2.1492	 2.1492	 
0	 0	 5.4	 0	 0	 0	 2.15888	 2.15888	 
0	 0	 5.5	 0	 0	 0	 2.1684	 2.1684	 
0	 0	 5.6	 0	 0	 0	 2.17777	 2.17777	 
0	 0	 5.7	 0	 0	 0	 2.18699	 2.18699	 
0	 0	 5.8	 0	 0	 0	 2.19606	 2.19606	 
0	 0	 5.9	 0	 0	 0	 2.20499	 2.20499	 
0	 0	 6	 0	 0	 0	 2.21379	 2.21379	 
0	 0	 6.1	 0	 0	 0	 2.22245	 2.22245	 
0	 0	 6.2	 0	 0	 0	 2.23099	 2.23099	 
0	 0	 6.3	 0	 0	 0	 2.2394	 2.2394	 
0	 0	 6.4	 0	 0	 0	 2.24768	 2.24768	 
0	 0	 6.5	 0	 0	 0	 2.25585	 2.25585	 
0	 0	 6.6	 0	 0	 0	 2.26391	 2.26391	 
0	 0	 6.7	 0	 0	 0	 2.27185	 2.27185	 
0	 0	 6.8	 0	 0	 0	 2.27968	 2.27968	 
0	 0	 6.9	 0	 0	 0	 2.28741	 2.28741	 
0	 0	 7	 0	 0	 0	 2.29504	 2.29504	 
0	 0	 7.1	 0	 0	 0	 2.30256	 2.30256	 
0	 0	 7.2	 0	 0	 0	 2.30998	 2.30998	 
0	 0	 7.3	 0	 0	 0	 2.31731	 2.31731	 
0	 0	 7.4	 0	 0	 0	 2.32454	 2.32454	 
0	 0	 7.5	 0	 0	 0	 2.33169	 2.33169	 
0	 0	 7.6	 0	 0	 0	 2.33874	 2.33874	 
0	 0	 7.7	 0	 0	 0	 2.3457	 2.3457	 
0	 0	 7.8	 0	 0	 0	 2.35258	 2.35258	 
0	 0	 7.9	 0	 0	 0	 2.35938	 2.35938	 
0	 0	 8	 0	 0	 0	 2.36609	 2.36609	 
0	 0	 8.1	 0	 0	 0	 2.37273	 2.37273	 
0	 0	 8.2	 0	 0	 0	 2.37929	 2.37929	 
0	 0	 8.3	 0	 0	 0	 2.38577	 2.38577	 
0	 0	 8.4	 0	 0	 0	 2.39217	 2.39217	 
0	 0	 8.5	 0	 0	 0	 2.3985	 2.3985	 
0	 0	 8.6	 0	 0	 0	 2.40476	 2.40476	 
0	 0	 8.7	 0	 0	 0	 2.41095	 2.41095	 
0	 0	 8.8	 0	 0	 0	 2.41707	 2.41707	 
0	 0	 8.9	 0	 0	 0	 2.42313	 2.42313	 
0	 0	 9	 0	 0	 0	 2.42911	 2.42911	 
0	 0	 9.1	 0	 0	 0	 2.43503	 2.43503	 
0	 0	 9.2	 0	 0	 0	 2.44089	 2.44089	 
0	 0	 9.3	 0	 0	 0	 2.44669	 2.44669	 
0	 0	 9.4	 0	 0	 0	 2.45242	 2.45242	 
0	 0	 9.5	 0	 0	 0	 2.4581	 2.4581	 
0	 0	 9.6	 0	 0	 0	 2.46371	 2.46371	 
0	 0	 9.7	 0	 0	 0	 2.46927	 2.46927	 
0	 0	 9.8	 0	 0	 0	 2.47477	 2.47477	 
0	 0	 9.9	 0	 0	 0	 2.48022	 2.48022	 
0	 0	 10	 0	 0	 0	 2.48561	 2.48561	 
