MCore, MMantle, MWater, MGas, RCore, RMantle, RWater, RPlanet
0.5	 0	 0	 0	 0.630721	 0.630721	 0.630721	 0.630721	 
0.6	 0	 0	 0	 0.665	 0.665	 0.665	 0.665	 
0.7	 0	 0	 0	 0.695135	 0.695135	 0.695135	 0.695135	 
0.8	 0	 0	 0	 0.722107	 0.722107	 0.722107	 0.722107	 
0.9	 0	 0	 0	 0.746571	 0.746571	 0.746571	 0.746571	 
1	 0	 0	 0	 0.768994	 0.768994	 0.768994	 0.768994	 
1.1	 0	 0	 0	 0.789719	 0.789719	 0.789719	 0.789719	 
1.2	 0	 0	 0	 0.809005	 0.809005	 0.809005	 0.809005	 
1.3	 0	 0	 0	 0.827056	 0.827056	 0.827056	 0.827056	 
1.4	 0	 0	 0	 0.844034	 0.844034	 0.844034	 0.844034	 
1.5	 0	 0	 0	 0.860067	 0.860067	 0.860067	 0.860067	 
1.6	 0	 0	 0	 0.875266	 0.875266	 0.875266	 0.875266	 
1.7	 0	 0	 0	 0.889717	 0.889717	 0.889717	 0.889717	 
1.8	 0	 0	 0	 0.903498	 0.903498	 0.903498	 0.903498	 
1.9	 0	 0	 0	 0.916672	 0.916672	 0.916672	 0.916672	 
2	 0	 0	 0	 0.929293	 0.929293	 0.929293	 0.929293	 
2.1	 0	 0	 0	 0.941411	 0.941411	 0.941411	 0.941411	 
2.2	 0	 0	 0	 0.953064	 0.953064	 0.953064	 0.953064	 
2.3	 0	 0	 0	 0.964292	 0.964292	 0.964292	 0.964292	 
2.4	 0	 0	 0	 0.975125	 0.975125	 0.975125	 0.975125	 
2.5	 0	 0	 0	 0.985593	 0.985593	 0.985593	 0.985593	 
2.6	 0	 0	 0	 0.995719	 0.995719	 0.995719	 0.995719	 
2.7	 0	 0	 0	 1.00553	 1.00553	 1.00553	 1.00553	 
2.8	 0	 0	 0	 1.01504	 1.01504	 1.01504	 1.01504	 
2.9	 0	 0	 0	 1.02427	 1.02427	 1.02427	 1.02427	 
3	 0	 0	 0	 1.03324	 1.03324	 1.03324	 1.03324	 
3.1	 0	 0	 0	 1.04197	 1.04197	 1.04197	 1.04197	 
3.2	 0	 0	 0	 1.05046	 1.05046	 1.05046	 1.05046	 
3.3	 0	 0	 0	 1.05873	 1.05873	 1.05873	 1.05873	 
3.4	 0	 0	 0	 1.06679	 1.06679	 1.06679	 1.06679	 
3.5	 0	 0	 0	 1.07466	 1.07466	 1.07466	 1.07466	 
3.6	 0	 0	 0	 1.08233	 1.08233	 1.08233	 1.08233	 
3.7	 0	 0	 0	 1.08983	 1.08983	 1.08983	 1.08983	 
3.8	 0	 0	 0	 1.09716	 1.09716	 1.09716	 1.09716	 
3.9	 0	 0	 0	 1.10432	 1.10432	 1.10432	 1.10432	 
4	 0	 0	 0	 1.11134	 1.11134	 1.11134	 1.11134	 
4.1	 0	 0	 0	 1.1182	 1.1182	 1.1182	 1.1182	 
4.2	 0	 0	 0	 1.12492	 1.12492	 1.12492	 1.12492	 
4.3	 0	 0	 0	 1.1315	 1.1315	 1.1315	 1.1315	 
4.4	 0	 0	 0	 1.13796	 1.13796	 1.13796	 1.13796	 
4.5	 0	 0	 0	 1.14429	 1.14429	 1.14429	 1.14429	 
4.6	 0	 0	 0	 1.1505	 1.1505	 1.1505	 1.1505	 
4.7	 0	 0	 0	 1.15659	 1.15659	 1.15659	 1.15659	 
4.8	 0	 0	 0	 1.16257	 1.16257	 1.16257	 1.16257	 
4.9	 0	 0	 0	 1.16845	 1.16845	 1.16845	 1.16845	 
5	 0	 0	 0	 1.17422	 1.17422	 1.17422	 1.17422	 
5.1	 0	 0	 0	 1.17989	 1.17989	 1.17989	 1.17989	 
5.2	 0	 0	 0	 1.18547	 1.18547	 1.18547	 1.18547	 
5.3	 0	 0	 0	 1.19095	 1.19095	 1.19095	 1.19095	 
5.4	 0	 0	 0	 1.19634	 1.19634	 1.19634	 1.19634	 
5.5	 0	 0	 0	 1.20165	 1.20165	 1.20165	 1.20165	 
5.6	 0	 0	 0	 1.20687	 1.20687	 1.20687	 1.20687	 
5.7	 0	 0	 0	 1.21201	 1.21201	 1.21201	 1.21201	 
5.8	 0	 0	 0	 1.21708	 1.21708	 1.21708	 1.21708	 
5.9	 0	 0	 0	 1.22206	 1.22206	 1.22206	 1.22206	 
6	 0	 0	 0	 1.22698	 1.22698	 1.22698	 1.22698	 
6.1	 0	 0	 0	 1.23181	 1.23181	 1.23181	 1.23181	 
6.2	 0	 0	 0	 1.23658	 1.23658	 1.23658	 1.23658	 
6.3	 0	 0	 0	 1.24129	 1.24129	 1.24129	 1.24129	 
6.4	 0	 0	 0	 1.24592	 1.24592	 1.24592	 1.24592	 
6.5	 0	 0	 0	 1.25049	 1.25049	 1.25049	 1.25049	 
6.6	 0	 0	 0	 1.255	 1.255	 1.255	 1.255	 
6.7	 0	 0	 0	 1.25945	 1.25945	 1.25945	 1.25945	 
6.8	 0	 0	 0	 1.26384	 1.26384	 1.26384	 1.26384	 
6.9	 0	 0	 0	 1.26818	 1.26818	 1.26818	 1.26818	 
7	 0	 0	 0	 1.27245	 1.27245	 1.27245	 1.27245	 
7.1	 0	 0	 0	 1.27667	 1.27667	 1.27667	 1.27667	 
7.2	 0	 0	 0	 1.28084	 1.28084	 1.28084	 1.28084	 
7.3	 0	 0	 0	 1.28496	 1.28496	 1.28496	 1.28496	 
7.4	 0	 0	 0	 1.28903	 1.28903	 1.28903	 1.28903	 
7.5	 0	 0	 0	 1.29304	 1.29304	 1.29304	 1.29304	 
7.6	 0	 0	 0	 1.29701	 1.29701	 1.29701	 1.29701	 
7.7	 0	 0	 0	 1.30093	 1.30093	 1.30093	 1.30093	 
7.8	 0	 0	 0	 1.30481	 1.30481	 1.30481	 1.30481	 
7.9	 0	 0	 0	 1.30864	 1.30864	 1.30864	 1.30864	 
8	 0	 0	 0	 1.31242	 1.31242	 1.31242	 1.31242	 
8.1	 0	 0	 0	 1.31617	 1.31617	 1.31617	 1.31617	 
8.2	 0	 0	 0	 1.31987	 1.31987	 1.31987	 1.31987	 
8.3	 0	 0	 0	 1.32353	 1.32353	 1.32353	 1.32353	 
8.4	 0	 0	 0	 1.32715	 1.32715	 1.32715	 1.32715	 
8.5	 0	 0	 0	 1.33073	 1.33073	 1.33073	 1.33073	 
8.6	 0	 0	 0	 1.33427	 1.33427	 1.33427	 1.33427	 
8.7	 0	 0	 0	 1.33778	 1.33778	 1.33778	 1.33778	 
8.8	 0	 0	 0	 1.34124	 1.34124	 1.34124	 1.34124	 
8.9	 0	 0	 0	 1.34468	 1.34468	 1.34468	 1.34468	 
9	 0	 0	 0	 1.34807	 1.34807	 1.34807	 1.34807	 
9.1	 0	 0	 0	 1.35143	 1.35143	 1.35143	 1.35143	 
9.2	 0	 0	 0	 1.35476	 1.35476	 1.35476	 1.35476	 
9.3	 0	 0	 0	 1.35805	 1.35805	 1.35805	 1.35805	 
9.4	 0	 0	 0	 1.36131	 1.36131	 1.36131	 1.36131	 
9.5	 0	 0	 0	 1.36454	 1.36454	 1.36454	 1.36454	 
9.6	 0	 0	 0	 1.36774	 1.36774	 1.36774	 1.36774	 
9.7	 0	 0	 0	 1.37091	 1.37091	 1.37091	 1.37091	 
9.8	 0	 0	 0	 1.37404	 1.37404	 1.37404	 1.37404	 
9.9	 0	 0	 0	 1.37715	 1.37715	 1.37715	 1.37715	 
10	 0	 0	 0	 1.38022	 1.38022	 1.38022	 1.38022	 
