MCore, MMantle, MWater, MGas, RCore, RMantle, RWater, RPlanet
0	 0.5	 0	 0	 0	 0.858437	 0.858437	 0.858437	 
0	 0.6	 0	 0	 0	 0.908095	 0.908095	 0.908095	 
0	 0.7	 0	 0	 0	 0.952051	 0.952051	 0.952051	 
0	 0.8	 0	 0	 0	 0.991619	 0.991619	 0.991619	 
0	 0.9	 0	 0	 0	 1.02765	 1.02765	 1.02765	 
0	 1	 0	 0	 0	 1.06075	 1.06075	 1.06075	 
0	 1.1	 0	 0	 0	 1.09143	 1.09143	 1.09143	 
0	 1.2	 0	 0	 0	 1.12006	 1.12006	 1.12006	 
0	 1.3	 0	 0	 0	 1.14692	 1.14692	 1.14692	 
0	 1.4	 0	 0	 0	 1.17223	 1.17223	 1.17223	 
0	 1.5	 0	 0	 0	 1.19619	 1.19619	 1.19619	 
0	 1.6	 0	 0	 0	 1.21895	 1.21895	 1.21895	 
0	 1.7	 0	 0	 0	 1.24062	 1.24062	 1.24062	 
0	 1.8	 0	 0	 0	 1.26132	 1.26132	 1.26132	 
0	 1.9	 0	 0	 0	 1.28114	 1.28114	 1.28114	 
0	 2	 0	 0	 0	 1.30015	 1.30015	 1.30015	 
0	 2.1	 0	 0	 0	 1.31843	 1.31843	 1.31843	 
0	 2.2	 0	 0	 0	 1.33603	 1.33603	 1.33603	 
0	 2.3	 0	 0	 0	 1.353	 1.353	 1.353	 
0	 2.4	 0	 0	 0	 1.3694	 1.3694	 1.3694	 
0	 2.5	 0	 0	 0	 1.38526	 1.38526	 1.38526	 
0	 2.6	 0	 0	 0	 1.40062	 1.40062	 1.40062	 
0	 2.7	 0	 0	 0	 1.4155	 1.4155	 1.4155	 
0	 2.8	 0	 0	 0	 1.42995	 1.42995	 1.42995	 
0	 2.9	 0	 0	 0	 1.44401	 1.44401	 1.44401	 
0	 3	 0	 0	 0	 1.45764	 1.45764	 1.45764	 
0	 3.1	 0	 0	 0	 1.47092	 1.47092	 1.47092	 
0	 3.2	 0	 0	 0	 1.48386	 1.48386	 1.48386	 
0	 3.3	 0	 0	 0	 1.49646	 1.49646	 1.49646	 
0	 3.4	 0	 0	 0	 1.50876	 1.50876	 1.50876	 
0	 3.5	 0	 0	 0	 1.52076	 1.52076	 1.52076	 
0	 3.6	 0	 0	 0	 1.53249	 1.53249	 1.53249	 
0	 3.7	 0	 0	 0	 1.54394	 1.54394	 1.54394	 
0	 3.8	 0	 0	 0	 1.55514	 1.55514	 1.55514	 
0	 3.9	 0	 0	 0	 1.5661	 1.5661	 1.5661	 
0	 4	 0	 0	 0	 1.57683	 1.57683	 1.57683	 
0	 4.1	 0	 0	 0	 1.58733	 1.58733	 1.58733	 
0	 4.2	 0	 0	 0	 1.59762	 1.59762	 1.59762	 
0	 4.3	 0	 0	 0	 1.60771	 1.60771	 1.60771	 
0	 4.4	 0	 0	 0	 1.6176	 1.6176	 1.6176	 
0	 4.5	 0	 0	 0	 1.6273	 1.6273	 1.6273	 
0	 4.6	 0	 0	 0	 1.63682	 1.63682	 1.63682	 
0	 4.7	 0	 0	 0	 1.64617	 1.64617	 1.64617	 
0	 4.8	 0	 0	 0	 1.65534	 1.65534	 1.65534	 
0	 4.9	 0	 0	 0	 1.66436	 1.66436	 1.66436	 
0	 5	 0	 0	 0	 1.67322	 1.67322	 1.67322	 
0	 5.1	 0	 0	 0	 1.68193	 1.68193	 1.68193	 
0	 5.2	 0	 0	 0	 1.69049	 1.69049	 1.69049	 
0	 5.3	 0	 0	 0	 1.6989	 1.6989	 1.6989	 
0	 5.4	 0	 0	 0	 1.70721	 1.70721	 1.70721	 
0	 5.5	 0	 0	 0	 1.71536	 1.71536	 1.71536	 
0	 5.6	 0	 0	 0	 1.72339	 1.72339	 1.72339	 
0	 5.7	 0	 0	 0	 1.73129	 1.73129	 1.73129	 
0	 5.8	 0	 0	 0	 1.73908	 1.73908	 1.73908	 
0	 5.9	 0	 0	 0	 1.74675	 1.74675	 1.74675	 
0	 6	 0	 0	 0	 1.7543	 1.7543	 1.7543	 
0	 6.1	 0	 0	 0	 1.76175	 1.76175	 1.76175	 
0	 6.2	 0	 0	 0	 1.76909	 1.76909	 1.76909	 
0	 6.3	 0	 0	 0	 1.77633	 1.77633	 1.77633	 
0	 6.4	 0	 0	 0	 1.78344	 1.78344	 1.78344	 
0	 6.5	 0	 0	 0	 1.79051	 1.79051	 1.79051	 
0	 6.6	 0	 0	 0	 1.79745	 1.79745	 1.79745	 
0	 6.7	 0	 0	 0	 1.80431	 1.80431	 1.80431	 
0	 6.8	 0	 0	 0	 1.81107	 1.81107	 1.81107	 
0	 6.9	 0	 0	 0	 1.81774	 1.81774	 1.81774	 
0	 7	 0	 0	 0	 1.82433	 1.82433	 1.82433	 
0	 7.1	 0	 0	 0	 1.83083	 1.83083	 1.83083	 
0	 7.2	 0	 0	 0	 1.83726	 1.83726	 1.83726	 
0	 7.3	 0	 0	 0	 1.84361	 1.84361	 1.84361	 
0	 7.4	 0	 0	 0	 1.84988	 1.84988	 1.84988	 
0	 7.5	 0	 0	 0	 1.85607	 1.85607	 1.85607	 
0	 7.6	 0	 0	 0	 1.86219	 1.86219	 1.86219	 
0	 7.7	 0	 0	 0	 1.86823	 1.86823	 1.86823	 
0	 7.8	 0	 0	 0	 1.87421	 1.87421	 1.87421	 
0	 7.9	 0	 0	 0	 1.88012	 1.88012	 1.88012	 
0	 8	 0	 0	 0	 1.88596	 1.88596	 1.88596	 
0	 8.1	 0	 0	 0	 1.89174	 1.89174	 1.89174	 
0	 8.2	 0	 0	 0	 1.89744	 1.89744	 1.89744	 
0	 8.3	 0	 0	 0	 1.90309	 1.90309	 1.90309	 
0	 8.4	 0	 0	 0	 1.90867	 1.90867	 1.90867	 
0	 8.5	 0	 0	 0	 1.9142	 1.9142	 1.9142	 
0	 8.6	 0	 0	 0	 1.91967	 1.91967	 1.91967	 
0	 8.7	 0	 0	 0	 1.92508	 1.92508	 1.92508	 
0	 8.8	 0	 0	 0	 1.93043	 1.93043	 1.93043	 
0	 8.9	 0	 0	 0	 1.93573	 1.93573	 1.93573	 
0	 9	 0	 0	 0	 1.94097	 1.94097	 1.94097	 
0	 9.1	 0	 0	 0	 1.94616	 1.94616	 1.94616	 
0	 9.2	 0	 0	 0	 1.9513	 1.9513	 1.9513	 
0	 9.3	 0	 0	 0	 1.95638	 1.95638	 1.95638	 
0	 9.4	 0	 0	 0	 1.96142	 1.96142	 1.96142	 
0	 9.5	 0	 0	 0	 1.96641	 1.96641	 1.96641	 
0	 9.6	 0	 0	 0	 1.97134	 1.97134	 1.97134	 
0	 9.7	 0	 0	 0	 1.97624	 1.97624	 1.97624	 
0	 9.8	 0	 0	 0	 1.98108	 1.98108	 1.98108	 
0	 9.9	 0	 0	 0	 1.98588	 1.98588	 1.98588	 
0	 10	 0	 0	 0	 1.99063	 1.99063	 1.99063	 
