MCore, MMantle, MWater, MGas, RCore, RMantle, RWater, RPlanet
0	 0.5	 0	 0	 0	 0.842592	 0.842592	 0.842592	 
0	 0.6	 0	 0	 0	 0.891944	 0.891944	 0.891944	 
0	 0.7	 0	 0	 0	 0.935586	 0.935586	 0.935586	 
0	 0.8	 0	 0	 0	 0.97477	 0.97477	 0.97477	 
0	 0.9	 0	 0	 0	 1.01044	 1.01044	 1.01044	 
0	 1	 0	 0	 0	 1.04325	 1.04325	 1.04325	 
0	 1.1	 0	 0	 0	 1.07366	 1.07366	 1.07366	 
0	 1.2	 0	 0	 0	 1.10204	 1.10204	 1.10204	 
0	 1.3	 0	 0	 0	 1.12868	 1.12868	 1.12868	 
0	 1.4	 0	 0	 0	 1.15378	 1.15378	 1.15378	 
0	 1.5	 0	 0	 0	 1.17754	 1.17754	 1.17754	 
0	 1.6	 0	 0	 0	 1.20012	 1.20012	 1.20012	 
0	 1.7	 0	 0	 0	 1.22162	 1.22162	 1.22162	 
0	 1.8	 0	 0	 0	 1.24216	 1.24216	 1.24216	 
0	 1.9	 0	 0	 0	 1.26181	 1.26181	 1.26181	 
0	 2	 0	 0	 0	 1.28068	 1.28068	 1.28068	 
0	 2.1	 0	 0	 0	 1.29881	 1.29881	 1.29881	 
0	 2.2	 0	 0	 0	 1.31628	 1.31628	 1.31628	 
0	 2.3	 0	 0	 0	 1.33313	 1.33313	 1.33313	 
0	 2.4	 0	 0	 0	 1.3494	 1.3494	 1.3494	 
0	 2.5	 0	 0	 0	 1.36513	 1.36513	 1.36513	 
0	 2.6	 0	 0	 0	 1.38038	 1.38038	 1.38038	 
0	 2.7	 0	 0	 0	 1.39516	 1.39516	 1.39516	 
0	 2.8	 0	 0	 0	 1.40949	 1.40949	 1.40949	 
0	 2.9	 0	 0	 0	 1.42342	 1.42342	 1.42342	 
0	 3	 0	 0	 0	 1.43697	 1.43697	 1.43697	 
0	 3.1	 0	 0	 0	 1.45016	 1.45016	 1.45016	 
0	 3.2	 0	 0	 0	 1.463	 1.463	 1.463	 
0	 3.3	 0	 0	 0	 1.47551	 1.47551	 1.47551	 
0	 3.4	 0	 0	 0	 1.48772	 1.48772	 1.48772	 
0	 3.5	 0	 0	 0	 1.49964	 1.49964	 1.49964	 
0	 3.6	 0	 0	 0	 1.51127	 1.51127	 1.51127	 
0	 3.7	 0	 0	 0	 1.52265	 1.52265	 1.52265	 
0	 3.8	 0	 0	 0	 1.53377	 1.53377	 1.53377	 
0	 3.9	 0	 0	 0	 1.54465	 1.54465	 1.54465	 
0	 4	 0	 0	 0	 1.5553	 1.5553	 1.5553	 
0	 4.1	 0	 0	 0	 1.56572	 1.56572	 1.56572	 
0	 4.2	 0	 0	 0	 1.57594	 1.57594	 1.57594	 
0	 4.3	 0	 0	 0	 1.58596	 1.58596	 1.58596	 
0	 4.4	 0	 0	 0	 1.59578	 1.59578	 1.59578	 
0	 4.5	 0	 0	 0	 1.60541	 1.60541	 1.60541	 
0	 4.6	 0	 0	 0	 1.61486	 1.61486	 1.61486	 
0	 4.7	 0	 0	 0	 1.62414	 1.62414	 1.62414	 
0	 4.8	 0	 0	 0	 1.63325	 1.63325	 1.63325	 
0	 4.9	 0	 0	 0	 1.64221	 1.64221	 1.64221	 
0	 5	 0	 0	 0	 1.65101	 1.65101	 1.65101	 
0	 5.1	 0	 0	 0	 1.65965	 1.65965	 1.65965	 
0	 5.2	 0	 0	 0	 1.66816	 1.66816	 1.66816	 
0	 5.3	 0	 0	 0	 1.67652	 1.67652	 1.67652	 
0	 5.4	 0	 0	 0	 1.68475	 1.68475	 1.68475	 
0	 5.5	 0	 0	 0	 1.69283	 1.69283	 1.69283	 
0	 5.6	 0	 0	 0	 1.70082	 1.70082	 1.70082	 
0	 5.7	 0	 0	 0	 1.70867	 1.70867	 1.70867	 
0	 5.8	 0	 0	 0	 1.7164	 1.7164	 1.7164	 
0	 5.9	 0	 0	 0	 1.72402	 1.72402	 1.72402	 
0	 6	 0	 0	 0	 1.73152	 1.73152	 1.73152	 
0	 6.1	 0	 0	 0	 1.73892	 1.73892	 1.73892	 
0	 6.2	 0	 0	 0	 1.74621	 1.74621	 1.74621	 
0	 6.3	 0	 0	 0	 1.7534	 1.7534	 1.7534	 
0	 6.4	 0	 0	 0	 1.76048	 1.76048	 1.76048	 
0	 6.5	 0	 0	 0	 1.76748	 1.76748	 1.76748	 
0	 6.6	 0	 0	 0	 1.77437	 1.77437	 1.77437	 
0	 6.7	 0	 0	 0	 1.78118	 1.78118	 1.78118	 
0	 6.8	 0	 0	 0	 1.78789	 1.78789	 1.78789	 
0	 6.9	 0	 0	 0	 1.79452	 1.79452	 1.79452	 
0	 7	 0	 0	 0	 1.80106	 1.80106	 1.80106	 
0	 7.1	 0	 0	 0	 1.80752	 1.80752	 1.80752	 
0	 7.2	 0	 0	 0	 1.81391	 1.81391	 1.81391	 
0	 7.3	 0	 0	 0	 1.82021	 1.82021	 1.82021	 
0	 7.4	 0	 0	 0	 1.82643	 1.82643	 1.82643	 
0	 7.5	 0	 0	 0	 1.83258	 1.83258	 1.83258	 
0	 7.6	 0	 0	 0	 1.83866	 1.83866	 1.83866	 
0	 7.7	 0	 0	 0	 1.84467	 1.84467	 1.84467	 
0	 7.8	 0	 0	 0	 1.8506	 1.8506	 1.8506	 
0	 7.9	 0	 0	 0	 1.85644	 1.85644	 1.85644	 
0	 8	 0	 0	 0	 1.86227	 1.86227	 1.86227	 
0	 8.1	 0	 0	 0	 1.86799	 1.86799	 1.86799	 
0	 8.2	 0	 0	 0	 1.87368	 1.87368	 1.87368	 
0	 8.3	 0	 0	 0	 1.87928	 1.87928	 1.87928	 
0	 8.4	 0	 0	 0	 1.88483	 1.88483	 1.88483	 
0	 8.5	 0	 0	 0	 1.89032	 1.89032	 1.89032	 
0	 8.6	 0	 0	 0	 1.89575	 1.89575	 1.89575	 
0	 8.7	 0	 0	 0	 1.90112	 1.90112	 1.90112	 
0	 8.8	 0	 0	 0	 1.90643	 1.90643	 1.90643	 
0	 8.9	 0	 0	 0	 1.9117	 1.9117	 1.9117	 
0	 9	 0	 0	 0	 1.9169	 1.9169	 1.9169	 
0	 9.1	 0	 0	 0	 1.92206	 1.92206	 1.92206	 
0	 9.2	 0	 0	 0	 1.92716	 1.92716	 1.92716	 
0	 9.3	 0	 0	 0	 1.93219	 1.93219	 1.93219	 
0	 9.4	 0	 0	 0	 1.9372	 1.9372	 1.9372	 
0	 9.5	 0	 0	 0	 1.94217	 1.94217	 1.94217	 
0	 9.6	 0	 0	 0	 1.94705	 1.94705	 1.94705	 
0	 9.7	 0	 0	 0	 1.95193	 1.95193	 1.95193	 
0	 9.8	 0	 0	 0	 1.95674	 1.95674	 1.95674	 
0	 9.9	 0	 0	 0	 1.96151	 1.96151	 1.96151	 
0	 10	 0	 0	 0	 1.96623	 1.96623	 1.96623	 
