MCore, MMantle, MWater, MGas, RCore, RMantle, RWater, RPlanet
0.5	 0	 0	 0	 0.648185	 0.648185	 0.648185	 0.648185	 
0.6	 0	 0	 0	 0.682393	 0.682393	 0.682393	 0.682393	 
0.7	 0	 0	 0	 0.712433	 0.712433	 0.712433	 0.712433	 
0.8	 0	 0	 0	 0.739305	 0.739305	 0.739305	 0.739305	 
0.9	 0	 0	 0	 0.763664	 0.763664	 0.763664	 0.763664	 
1	 0	 0	 0	 0.785989	 0.785989	 0.785989	 0.785989	 
1.1	 0	 0	 0	 0.806609	 0.806609	 0.806609	 0.806609	 
1.2	 0	 0	 0	 0.825801	 0.825801	 0.825801	 0.825801	 
1.3	 0	 0	 0	 0.843753	 0.843753	 0.843753	 0.843753	 
1.4	 0	 0	 0	 0.860633	 0.860633	 0.860633	 0.860633	 
1.5	 0	 0	 0	 0.876566	 0.876566	 0.876566	 0.876566	 
1.6	 0	 0	 0	 0.891684	 0.891684	 0.891684	 0.891684	 
1.7	 0	 0	 0	 0.906047	 0.906047	 0.906047	 0.906047	 
1.8	 0	 0	 0	 0.91974	 0.91974	 0.91974	 0.91974	 
1.9	 0	 0	 0	 0.932837	 0.932837	 0.932837	 0.932837	 
2	 0	 0	 0	 0.945367	 0.945367	 0.945367	 0.945367	 
2.1	 0	 0	 0	 0.957402	 0.957402	 0.957402	 0.957402	 
2.2	 0	 0	 0	 0.968977	 0.968977	 0.968977	 0.968977	 
2.3	 0	 0	 0	 0.980129	 0.980129	 0.980129	 0.980129	 
2.4	 0	 0	 0	 0.990889	 0.990889	 0.990889	 0.990889	 
2.5	 0	 0	 0	 1.00128	 1.00128	 1.00128	 1.00128	 
2.6	 0	 0	 0	 1.01133	 1.01133	 1.01133	 1.01133	 
2.7	 0	 0	 0	 1.02107	 1.02107	 1.02107	 1.02107	 
2.8	 0	 0	 0	 1.03051	 1.03051	 1.03051	 1.03051	 
2.9	 0	 0	 0	 1.03968	 1.03968	 1.03968	 1.03968	 
3	 0	 0	 0	 1.04858	 1.04858	 1.04858	 1.04858	 
3.1	 0	 0	 0	 1.05724	 1.05724	 1.05724	 1.05724	 
3.2	 0	 0	 0	 1.06566	 1.06566	 1.06566	 1.06566	 
3.3	 0	 0	 0	 1.07387	 1.07387	 1.07387	 1.07387	 
3.4	 0	 0	 0	 1.08187	 1.08187	 1.08187	 1.08187	 
3.5	 0	 0	 0	 1.08967	 1.08967	 1.08967	 1.08967	 
3.6	 0	 0	 0	 1.09729	 1.09729	 1.09729	 1.09729	 
3.7	 0	 0	 0	 1.10473	 1.10473	 1.10473	 1.10473	 
3.8	 0	 0	 0	 1.112	 1.112	 1.112	 1.112	 
3.9	 0	 0	 0	 1.11911	 1.11911	 1.11911	 1.11911	 
4	 0	 0	 0	 1.12606	 1.12606	 1.12606	 1.12606	 
4.1	 0	 0	 0	 1.13287	 1.13287	 1.13287	 1.13287	 
4.2	 0	 0	 0	 1.13953	 1.13953	 1.13953	 1.13953	 
4.3	 0	 0	 0	 1.14606	 1.14606	 1.14606	 1.14606	 
4.4	 0	 0	 0	 1.15246	 1.15246	 1.15246	 1.15246	 
4.5	 0	 0	 0	 1.15874	 1.15874	 1.15874	 1.15874	 
4.6	 0	 0	 0	 1.1649	 1.1649	 1.1649	 1.1649	 
4.7	 0	 0	 0	 1.17094	 1.17094	 1.17094	 1.17094	 
4.8	 0	 0	 0	 1.17687	 1.17687	 1.17687	 1.17687	 
4.9	 0	 0	 0	 1.1827	 1.1827	 1.1827	 1.1827	 
5	 0	 0	 0	 1.18842	 1.18842	 1.18842	 1.18842	 
5.1	 0	 0	 0	 1.19405	 1.19405	 1.19405	 1.19405	 
5.2	 0	 0	 0	 1.19957	 1.19957	 1.19957	 1.19957	 
5.3	 0	 0	 0	 1.20501	 1.20501	 1.20501	 1.20501	 
5.4	 0	 0	 0	 1.21036	 1.21036	 1.21036	 1.21036	 
5.5	 0	 0	 0	 1.21562	 1.21562	 1.21562	 1.21562	 
5.6	 0	 0	 0	 1.22079	 1.22079	 1.22079	 1.22079	 
5.7	 0	 0	 0	 1.2259	 1.2259	 1.2259	 1.2259	 
5.8	 0	 0	 0	 1.23091	 1.23091	 1.23091	 1.23091	 
5.9	 0	 0	 0	 1.23585	 1.23585	 1.23585	 1.23585	 
6	 0	 0	 0	 1.24072	 1.24072	 1.24072	 1.24072	 
6.1	 0	 0	 0	 1.24552	 1.24552	 1.24552	 1.24552	 
6.2	 0	 0	 0	 1.25024	 1.25024	 1.25024	 1.25024	 
6.3	 0	 0	 0	 1.2549	 1.2549	 1.2549	 1.2549	 
6.4	 0	 0	 0	 1.2595	 1.2595	 1.2595	 1.2595	 
6.5	 0	 0	 0	 1.26403	 1.26403	 1.26403	 1.26403	 
6.6	 0	 0	 0	 1.2685	 1.2685	 1.2685	 1.2685	 
6.7	 0	 0	 0	 1.27291	 1.27291	 1.27291	 1.27291	 
6.8	 0	 0	 0	 1.27726	 1.27726	 1.27726	 1.27726	 
6.9	 0	 0	 0	 1.28155	 1.28155	 1.28155	 1.28155	 
7	 0	 0	 0	 1.28579	 1.28579	 1.28579	 1.28579	 
7.1	 0	 0	 0	 1.28998	 1.28998	 1.28998	 1.28998	 
7.2	 0	 0	 0	 1.29411	 1.29411	 1.29411	 1.29411	 
7.3	 0	 0	 0	 1.29818	 1.29818	 1.29818	 1.29818	 
7.4	 0	 0	 0	 1.30221	 1.30221	 1.30221	 1.30221	 
7.5	 0	 0	 0	 1.30619	 1.30619	 1.30619	 1.30619	 
7.6	 0	 0	 0	 1.31013	 1.31013	 1.31013	 1.31013	 
7.7	 0	 0	 0	 1.31401	 1.31401	 1.31401	 1.31401	 
7.8	 0	 0	 0	 1.31785	 1.31785	 1.31785	 1.31785	 
7.9	 0	 0	 0	 1.32165	 1.32165	 1.32165	 1.32165	 
8	 0	 0	 0	 1.3254	 1.3254	 1.3254	 1.3254	 
8.1	 0	 0	 0	 1.3291	 1.3291	 1.3291	 1.3291	 
8.2	 0	 0	 0	 1.33277	 1.33277	 1.33277	 1.33277	 
8.3	 0	 0	 0	 1.3364	 1.3364	 1.3364	 1.3364	 
8.4	 0	 0	 0	 1.33998	 1.33998	 1.33998	 1.33998	 
8.5	 0	 0	 0	 1.34353	 1.34353	 1.34353	 1.34353	 
8.6	 0	 0	 0	 1.34704	 1.34704	 1.34704	 1.34704	 
8.7	 0	 0	 0	 1.35052	 1.35052	 1.35052	 1.35052	 
8.8	 0	 0	 0	 1.35395	 1.35395	 1.35395	 1.35395	 
8.9	 0	 0	 0	 1.35735	 1.35735	 1.35735	 1.35735	 
9	 0	 0	 0	 1.36071	 1.36071	 1.36071	 1.36071	 
9.1	 0	 0	 0	 1.36404	 1.36404	 1.36404	 1.36404	 
9.2	 0	 0	 0	 1.36733	 1.36733	 1.36733	 1.36733	 
9.3	 0	 0	 0	 1.3706	 1.3706	 1.3706	 1.3706	 
9.4	 0	 0	 0	 1.37383	 1.37383	 1.37383	 1.37383	 
9.5	 0	 0	 0	 1.37703	 1.37703	 1.37703	 1.37703	 
9.6	 0	 0	 0	 1.38019	 1.38019	 1.38019	 1.38019	 
9.7	 0	 0	 0	 1.38333	 1.38333	 1.38333	 1.38333	 
9.8	 0	 0	 0	 1.38643	 1.38643	 1.38643	 1.38643	 
9.9	 0	 0	 0	 1.38951	 1.38951	 1.38951	 1.38951	 
10	 0	 0	 0	 1.39256	 1.39256	 1.39256	 1.39256	 
