MCore, MMantle, MWater, MGas, RCore, RMantle, RWater, RPlanet
0.5	 0	 0	 0	 0.632707	 0.632707	 0.632707	 0.632707	 
0.6	 0	 0	 0	 0.66692	 0.66692	 0.66692	 0.66692	 
0.7	 0	 0	 0	 0.696998	 0.696998	 0.696998	 0.696998	 
0.8	 0	 0	 0	 0.723918	 0.723918	 0.723918	 0.723918	 
0.9	 0	 0	 0	 0.748336	 0.748336	 0.748336	 0.748336	 
1	 0	 0	 0	 0.770718	 0.770718	 0.770718	 0.770718	 
1.1	 0	 0	 0	 0.791407	 0.791407	 0.791407	 0.791407	 
1.2	 0	 0	 0	 0.810661	 0.810661	 0.810661	 0.810661	 
1.3	 0	 0	 0	 0.828684	 0.828684	 0.828684	 0.828684	 
1.4	 0	 0	 0	 0.845637	 0.845637	 0.845637	 0.845637	 
1.5	 0	 0	 0	 0.86165	 0.86165	 0.86165	 0.86165	 
1.6	 0	 0	 0	 0.87683	 0.87683	 0.87683	 0.87683	 
1.7	 0	 0	 0	 0.891266	 0.891266	 0.891266	 0.891266	 
1.8	 0	 0	 0	 0.905033	 0.905033	 0.905033	 0.905033	 
1.9	 0	 0	 0	 0.918195	 0.918195	 0.918195	 0.918195	 
2	 0	 0	 0	 0.930807	 0.930807	 0.930807	 0.930807	 
2.1	 0	 0	 0	 0.942917	 0.942917	 0.942917	 0.942917	 
2.2	 0	 0	 0	 0.954564	 0.954564	 0.954564	 0.954564	 
2.3	 0	 0	 0	 0.965789	 0.965789	 0.965789	 0.965789	 
2.4	 0	 0	 0	 0.976619	 0.976619	 0.976619	 0.976619	 
2.5	 0	 0	 0	 0.987085	 0.987085	 0.987085	 0.987085	 
2.6	 0	 0	 0	 0.997212	 0.997212	 0.997212	 0.997212	 
2.7	 0	 0	 0	 1.00702	 1.00702	 1.00702	 1.00702	 
2.8	 0	 0	 0	 1.01654	 1.01654	 1.01654	 1.01654	 
2.9	 0	 0	 0	 1.02577	 1.02577	 1.02577	 1.02577	 
3	 0	 0	 0	 1.03475	 1.03475	 1.03475	 1.03475	 
3.1	 0	 0	 0	 1.04348	 1.04348	 1.04348	 1.04348	 
3.2	 0	 0	 0	 1.05198	 1.05198	 1.05198	 1.05198	 
3.3	 0	 0	 0	 1.06025	 1.06025	 1.06025	 1.06025	 
3.4	 0	 0	 0	 1.06833	 1.06833	 1.06833	 1.06833	 
3.5	 0	 0	 0	 1.0762	 1.0762	 1.0762	 1.0762	 
3.6	 0	 0	 0	 1.08389	 1.08389	 1.08389	 1.08389	 
3.7	 0	 0	 0	 1.0914	 1.0914	 1.0914	 1.0914	 
3.8	 0	 0	 0	 1.09873	 1.09873	 1.09873	 1.09873	 
3.9	 0	 0	 0	 1.10591	 1.10591	 1.10591	 1.10591	 
4	 0	 0	 0	 1.11293	 1.11293	 1.11293	 1.11293	 
4.1	 0	 0	 0	 1.11981	 1.11981	 1.11981	 1.11981	 
4.2	 0	 0	 0	 1.12654	 1.12654	 1.12654	 1.12654	 
4.3	 0	 0	 0	 1.13314	 1.13314	 1.13314	 1.13314	 
4.4	 0	 0	 0	 1.13961	 1.13961	 1.13961	 1.13961	 
4.5	 0	 0	 0	 1.14596	 1.14596	 1.14596	 1.14596	 
4.6	 0	 0	 0	 1.15218	 1.15218	 1.15218	 1.15218	 
4.7	 0	 0	 0	 1.15829	 1.15829	 1.15829	 1.15829	 
4.8	 0	 0	 0	 1.16429	 1.16429	 1.16429	 1.16429	 
4.9	 0	 0	 0	 1.17018	 1.17018	 1.17018	 1.17018	 
5	 0	 0	 0	 1.17597	 1.17597	 1.17597	 1.17597	 
5.1	 0	 0	 0	 1.18166	 1.18166	 1.18166	 1.18166	 
5.2	 0	 0	 0	 1.18726	 1.18726	 1.18726	 1.18726	 
5.3	 0	 0	 0	 1.19276	 1.19276	 1.19276	 1.19276	 
5.4	 0	 0	 0	 1.19817	 1.19817	 1.19817	 1.19817	 
5.5	 0	 0	 0	 1.2035	 1.2035	 1.2035	 1.2035	 
5.6	 0	 0	 0	 1.20874	 1.20874	 1.20874	 1.20874	 
5.7	 0	 0	 0	 1.2139	 1.2139	 1.2139	 1.2139	 
5.8	 0	 0	 0	 1.21898	 1.21898	 1.21898	 1.21898	 
5.9	 0	 0	 0	 1.22399	 1.22399	 1.22399	 1.22399	 
6	 0	 0	 0	 1.22892	 1.22892	 1.22892	 1.22892	 
6.1	 0	 0	 0	 1.23379	 1.23379	 1.23379	 1.23379	 
6.2	 0	 0	 0	 1.23858	 1.23858	 1.23858	 1.23858	 
6.3	 0	 0	 0	 1.2433	 1.2433	 1.2433	 1.2433	 
6.4	 0	 0	 0	 1.24796	 1.24796	 1.24796	 1.24796	 
6.5	 0	 0	 0	 1.25255	 1.25255	 1.25255	 1.25255	 
6.6	 0	 0	 0	 1.25709	 1.25709	 1.25709	 1.25709	 
6.7	 0	 0	 0	 1.26156	 1.26156	 1.26156	 1.26156	 
6.8	 0	 0	 0	 1.26597	 1.26597	 1.26597	 1.26597	 
6.9	 0	 0	 0	 1.27033	 1.27033	 1.27033	 1.27033	 
7	 0	 0	 0	 1.27463	 1.27463	 1.27463	 1.27463	 
7.1	 0	 0	 0	 1.27887	 1.27887	 1.27887	 1.27887	 
7.2	 0	 0	 0	 1.28307	 1.28307	 1.28307	 1.28307	 
7.3	 0	 0	 0	 1.28721	 1.28721	 1.28721	 1.28721	 
7.4	 0	 0	 0	 1.2913	 1.2913	 1.2913	 1.2913	 
7.5	 0	 0	 0	 1.29534	 1.29534	 1.29534	 1.29534	 
7.6	 0	 0	 0	 1.29933	 1.29933	 1.29933	 1.29933	 
7.7	 0	 0	 0	 1.30328	 1.30328	 1.30328	 1.30328	 
7.8	 0	 0	 0	 1.30718	 1.30718	 1.30718	 1.30718	 
7.9	 0	 0	 0	 1.31103	 1.31103	 1.31103	 1.31103	 
8	 0	 0	 0	 1.31485	 1.31485	 1.31485	 1.31485	 
8.1	 0	 0	 0	 1.31862	 1.31862	 1.31862	 1.31862	 
8.2	 0	 0	 0	 1.32234	 1.32234	 1.32234	 1.32234	 
8.3	 0	 0	 0	 1.32603	 1.32603	 1.32603	 1.32603	 
8.4	 0	 0	 0	 1.32968	 1.32968	 1.32968	 1.32968	 
8.5	 0	 0	 0	 1.33328	 1.33328	 1.33328	 1.33328	 
8.6	 0	 0	 0	 1.33685	 1.33685	 1.33685	 1.33685	 
8.7	 0	 0	 0	 1.34038	 1.34038	 1.34038	 1.34038	 
8.8	 0	 0	 0	 1.34388	 1.34388	 1.34388	 1.34388	 
8.9	 0	 0	 0	 1.34734	 1.34734	 1.34734	 1.34734	 
9	 0	 0	 0	 1.35076	 1.35076	 1.35076	 1.35076	 
9.1	 0	 0	 0	 1.35415	 1.35415	 1.35415	 1.35415	 
9.2	 0	 0	 0	 1.3575	 1.3575	 1.3575	 1.3575	 
9.3	 0	 0	 0	 1.36082	 1.36082	 1.36082	 1.36082	 
9.4	 0	 0	 0	 1.36411	 1.36411	 1.36411	 1.36411	 
9.5	 0	 0	 0	 1.36737	 1.36737	 1.36737	 1.36737	 
9.6	 0	 0	 0	 1.37059	 1.37059	 1.37059	 1.37059	 
9.7	 0	 0	 0	 1.37379	 1.37379	 1.37379	 1.37379	 
9.8	 0	 0	 0	 1.37695	 1.37695	 1.37695	 1.37695	 
9.9	 0	 0	 0	 1.38009	 1.38009	 1.38009	 1.38009	 
10	 0	 0	 0	 1.38319	 1.38319	 1.38319	 1.38319	 
