MCore, MMantle, MWater, MGas, RCore, RMantle, RWater, RPlanet
0	 0	 0.5	 0	 0	 0	 1.14544	 1.14544	 
0	 0	 0.6	 0	 0	 0	 1.20509	 1.20509	 
0	 0	 0.7	 0	 0	 0	 1.25728	 1.25728	 
0	 0	 0.8	 0	 0	 0	 1.30381	 1.30381	 
0	 0	 0.9	 0	 0	 0	 1.34585	 1.34585	 
0	 0	 1	 0	 0	 0	 1.38422	 1.38422	 
0	 0	 1.1	 0	 0	 0	 1.41943	 1.41943	 
0	 0	 1.2	 0	 0	 0	 1.45211	 1.45211	 
0	 0	 1.3	 0	 0	 0	 1.48257	 1.48257	 
0	 0	 1.4	 0	 0	 0	 1.51107	 1.51107	 
0	 0	 1.5	 0	 0	 0	 1.53787	 1.53787	 
0	 0	 1.6	 0	 0	 0	 1.56316	 1.56316	 
0	 0	 1.7	 0	 0	 0	 1.58706	 1.58706	 
0	 0	 1.8	 0	 0	 0	 1.60979	 1.60979	 
0	 0	 1.9	 0	 0	 0	 1.63142	 1.63142	 
0	 0	 2	 0	 0	 0	 1.65204	 1.65204	 
0	 0	 2.1	 0	 0	 0	 1.67175	 1.67175	 
0	 0	 2.2	 0	 0	 0	 1.69062	 1.69062	 
0	 0	 2.3	 0	 0	 0	 1.70872	 1.70872	 
0	 0	 2.4	 0	 0	 0	 1.7261	 1.7261	 
0	 0	 2.5	 0	 0	 0	 1.74283	 1.74283	 
0	 0	 2.6	 0	 0	 0	 1.75893	 1.75893	 
0	 0	 2.7	 0	 0	 0	 1.77446	 1.77446	 
0	 0	 2.8	 0	 0	 0	 1.78944	 1.78944	 
0	 0	 2.9	 0	 0	 0	 1.80393	 1.80393	 
0	 0	 3	 0	 0	 0	 1.81794	 1.81794	 
0	 0	 3.1	 0	 0	 0	 1.8315	 1.8315	 
0	 0	 3.2	 0	 0	 0	 1.84463	 1.84463	 
0	 0	 3.3	 0	 0	 0	 1.85737	 1.85737	 
0	 0	 3.4	 0	 0	 0	 1.86973	 1.86973	 
0	 0	 3.5	 0	 0	 0	 1.88171	 1.88171	 
0	 0	 3.6	 0	 0	 0	 1.89337	 1.89337	 
0	 0	 3.7	 0	 0	 0	 1.90471	 1.90471	 
0	 0	 3.8	 0	 0	 0	 1.91573	 1.91573	 
0	 0	 3.9	 0	 0	 0	 1.92649	 1.92649	 
0	 0	 4	 0	 0	 0	 1.93694	 1.93694	 
0	 0	 4.1	 0	 0	 0	 1.94712	 1.94712	 
0	 0	 4.2	 0	 0	 0	 1.95705	 1.95705	 
0	 0	 4.3	 0	 0	 0	 1.96673	 1.96673	 
0	 0	 4.4	 0	 0	 0	 1.97617	 1.97617	 
0	 0	 4.5	 0	 0	 0	 1.98539	 1.98539	 
0	 0	 4.6	 0	 0	 0	 1.99439	 1.99439	 
0	 0	 4.7	 0	 0	 0	 2.00318	 2.00318	 
0	 0	 4.8	 0	 0	 0	 2.01177	 2.01177	 
0	 0	 4.9	 0	 0	 0	 2.02016	 2.02016	 
0	 0	 5	 0	 0	 0	 2.02836	 2.02836	 
0	 0	 5.1	 0	 0	 0	 2.03639	 2.03639	 
0	 0	 5.2	 0	 0	 0	 2.04423	 2.04423	 
0	 0	 5.3	 0	 0	 0	 2.05191	 2.05191	 
0	 0	 5.4	 0	 0	 0	 2.05943	 2.05943	 
0	 0	 5.5	 0	 0	 0	 2.06679	 2.06679	 
0	 0	 5.6	 0	 0	 0	 2.07399	 2.07399	 
0	 0	 5.7	 0	 0	 0	 2.08105	 2.08105	 
0	 0	 5.8	 0	 0	 0	 2.08796	 2.08796	 
0	 0	 5.9	 0	 0	 0	 2.09473	 2.09473	 
0	 0	 6	 0	 0	 0	 2.10137	 2.10137	 
0	 0	 6.1	 0	 0	 0	 2.10787	 2.10787	 
0	 0	 6.2	 0	 0	 0	 2.11424	 2.11424	 
0	 0	 6.3	 0	 0	 0	 2.1205	 2.1205	 
0	 0	 6.4	 0	 0	 0	 2.12663	 2.12663	 
0	 0	 6.5	 0	 0	 0	 2.13265	 2.13265	 
0	 0	 6.6	 0	 0	 0	 2.13855	 2.13855	 
0	 0	 6.7	 0	 0	 0	 2.14434	 2.14434	 
0	 0	 6.8	 0	 0	 0	 2.15002	 2.15002	 
0	 0	 6.9	 0	 0	 0	 2.15559	 2.15559	 
0	 0	 7	 0	 0	 0	 2.16107	 2.16107	 
0	 0	 7.1	 0	 0	 0	 2.16644	 2.16644	 
0	 0	 7.2	 0	 0	 0	 2.17169	 2.17169	 
0	 0	 7.3	 0	 0	 0	 2.17687	 2.17687	 
0	 0	 7.4	 0	 0	 0	 2.18197	 2.18197	 
0	 0	 7.5	 0	 0	 0	 2.18695	 2.18695	 
0	 0	 7.6	 0	 0	 0	 2.19186	 2.19186	 
0	 0	 7.7	 0	 0	 0	 2.19669	 2.19669	 
0	 0	 7.8	 0	 0	 0	 2.20141	 2.20141	 
0	 0	 7.9	 0	 0	 0	 2.20605	 2.20605	 
0	 0	 8	 0	 0	 0	 2.21062	 2.21062	 
0	 0	 8.1	 0	 0	 0	 2.21512	 2.21512	 
0	 0	 8.2	 0	 0	 0	 2.21952	 2.21952	 
0	 0	 8.3	 0	 0	 0	 2.22386	 2.22386	 
0	 0	 8.4	 0	 0	 0	 2.22812	 2.22812	 
0	 0	 8.5	 0	 0	 0	 2.2323	 	 2.2323
0	 0	 8.6	 0	 0	 0	 2.23642	 2.23642	 
0	 0	 8.7	 0	 0	 0	 2.24046	 2.24046	 
0	 0	 8.8	 0	 0	 0	 2.24443	 2.24443	 
0	 0	 8.9	 0	 0	 0	 2.24834	 2.24834	 
0	 0	 9	 0	 0	 0	 2.25217	 2.25217	 
0	 0	 9.1	 0	 0	 0	 2.25596	 2.25596	 
0	 0	 9.2	 0	 0	 0	 2.25966	 2.25966	 
0	 0	 9.3	 0	 0	 0	 2.26331	 2.26331	 
0	 0	 9.4	 0	 0	 0	 2.2669	 2.2669	 
0	 0	 9.5	 0	 0	 0	 2.27042	 2.27042	 
0	 0	 9.6	 0	 0	 0	 2.27389	 2.27389	 
0	 0	 9.7	 0	 0	 0	 2.27729	 2.27729	 
0	 0	 9.8	 0	 0	 0	 2.28064	 2.28064	 
0	 0	 9.9	 0	 0	 0	 2.28393	 2.28393	 
0	 0	 10	 0	 0	 0	 2.28717	 2.28717	 
