MCore, MMantle, MWater, MGas, RCore, RMantle, RWater, RPlanet
0	 0	 0.5	 0	 0	 0	 1.14485	 1.14485	 
0	 0	 0.6	 0	 0	 0	 1.20472	 1.20472	 
0	 0	 0.7	 0	 0	 0	 1.25755	 1.25755	 
0	 0	 0.8	 0	 0	 0	 1.30502	 1.30502	 
0	 0	 0.9	 0	 0	 0	 1.34821	 1.34821	 
0	 0	 1	 0	 0	 0	 1.38793	 1.38793	 
0	 0	 1.1	 0	 0	 0	 1.42473	 1.42473	 
0	 0	 1.2	 0	 0	 0	 1.45906	 1.45906	 
0	 0	 1.3	 0	 0	 0	 1.49126	 1.49126	 
0	 0	 1.4	 0	 0	 0	 1.5216	 1.5216	 
0	 0	 1.5	 0	 0	 0	 1.55029	 1.55029	 
0	 0	 1.6	 0	 0	 0	 1.57753	 1.57753	 
0	 0	 1.7	 0	 0	 0	 1.60346	 1.60346	 
0	 0	 1.8	 0	 0	 0	 1.62822	 1.62822	 
0	 0	 1.9	 0	 0	 0	 1.6519	 1.6519	 
0	 0	 2	 0	 0	 0	 1.67461	 1.67461	 
0	 0	 2.1	 0	 0	 0	 1.69643	 1.69643	 
0	 0	 2.2	 0	 0	 0	 1.71743	 1.71743	 
0	 0	 2.3	 0	 0	 0	 1.73767	 1.73767	 
0	 0	 2.4	 0	 0	 0	 1.75721	 1.75721	 
0	 0	 2.5	 0	 0	 0	 1.7761	 1.7761	 
0	 0	 2.6	 0	 0	 0	 1.79438	 1.79438	 
0	 0	 2.7	 0	 0	 0	 1.81209	 1.81209	 
0	 0	 2.8	 0	 0	 0	 1.82927	 1.82927	 
0	 0	 2.9	 0	 0	 0	 1.84595	 1.84595	 
0	 0	 3	 0	 0	 0	 1.86215	 1.86215	 
0	 0	 3.1	 0	 0	 0	 1.87792	 1.87792	 
0	 0	 3.2	 0	 0	 0	 1.89326	 1.89326	 
0	 0	 3.3	 0	 0	 0	 1.9082	 1.9082	 
0	 0	 3.4	 0	 0	 0	 1.92277	 1.92277	 
0	 0	 3.5	 0	 0	 0	 1.93699	 1.93699	 
0	 0	 3.6	 0	 0	 0	 1.95086	 1.95086	 
0	 0	 3.7	 0	 0	 0	 1.9644	 1.9644	 
0	 0	 3.8	 0	 0	 0	 1.97764	 1.97764	 
0	 0	 3.9	 0	 0	 0	 1.99059	 1.99059	 
0	 0	 4	 0	 0	 0	 2.00325	 2.00325	 
0	 0	 4.1	 0	 0	 0	 2.01564	 2.01564	 
0	 0	 4.2	 0	 0	 0	 2.02777	 2.02777	 
0	 0	 4.3	 0	 0	 0	 2.03966	 2.03966	 
0	 0	 4.4	 0	 0	 0	 2.05131	 2.05131	 
0	 0	 4.5	 0	 0	 0	 2.06273	 2.06273	 
0	 0	 4.6	 0	 0	 0	 2.07393	 2.07393	 
0	 0	 4.7	 0	 0	 0	 2.08491	 2.08491	 
0	 0	 4.8	 0	 0	 0	 2.0957	 2.0957	 
0	 0	 4.9	 0	 0	 0	 2.10629	 2.10629	 
0	 0	 5	 0	 0	 0	 2.11669	 2.11669	 
0	 0	 5.1	 0	 0	 0	 2.1269	 2.1269	 
0	 0	 5.2	 0	 0	 0	 2.13694	 2.13694	 
0	 0	 5.3	 0	 0	 0	 2.14681	 2.14681	 
0	 0	 5.4	 0	 0	 0	 2.15651	 2.15651	 
0	 0	 5.5	 0	 0	 0	 2.16605	 2.16605	 
0	 0	 5.6	 0	 0	 0	 2.17544	 2.17544	 
0	 0	 5.7	 0	 0	 0	 2.18468	 2.18468	 
0	 0	 5.8	 0	 0	 0	 2.19378	 2.19378	 
0	 0	 5.9	 0	 0	 0	 2.20273	 2.20273	 
0	 0	 6	 0	 0	 0	 2.21154	 2.21154	 
0	 0	 6.1	 0	 0	 0	 2.22023	 2.22023	 
0	 0	 6.2	 0	 0	 0	 2.22878	 2.22878	 
0	 0	 6.3	 0	 0	 0	 2.23721	 2.23721	 
0	 0	 6.4	 0	 0	 0	 2.24551	 2.24551	 
0	 0	 6.5	 0	 0	 0	 2.2537	 2.2537	 
0	 0	 6.6	 0	 0	 0	 2.26177	 2.26177	 
0	 0	 6.7	 0	 0	 0	 2.26973	 2.26973	 
0	 0	 6.8	 0	 0	 0	 2.27758	 2.27758	 
0	 0	 6.9	 0	 0	 0	 2.28532	 2.28532	 
0	 0	 7	 0	 0	 0	 2.29296	 2.29296	 
0	 0	 7.1	 0	 0	 0	 2.3005	 2.3005	 
0	 0	 7.2	 0	 0	 0	 2.30794	 2.30794	 
0	 0	 7.3	 0	 0	 0	 2.31528	 2.31528	 
0	 0	 7.4	 0	 0	 0	 2.32253	 2.32253	 
0	 0	 7.5	 0	 0	 0	 2.32969	 2.32969	 
0	 0	 7.6	 0	 0	 0	 2.33675	 2.33675	 
0	 0	 7.7	 0	 0	 0	 2.34373	 2.34373	 
0	 0	 7.8	 0	 0	 0	 2.35063	 2.35063	 
0	 0	 7.9	 0	 0	 0	 2.35744	 2.35744	 
0	 0	 8	 0	 0	 0	 2.36416	 2.36416	 
0	 0	 8.1	 0	 0	 0	 2.37081	 2.37081	 
0	 0	 8.2	 0	 0	 0	 2.37738	 2.37738	 
0	 0	 8.3	 0	 0	 0	 2.38387	 2.38387	 
0	 0	 8.4	 0	 0	 0	 2.39029	 2.39029	 
0	 0	 8.5	 0	 0	 0	 2.39663	 2.39663	 
0	 0	 8.6	 0	 0	 0	 2.4029	 2.4029	 
0	 0	 8.7	 0	 0	 0	 2.40911	 2.40911	 
0	 0	 8.8	 0	 0	 0	 2.41524	 2.41524	 
0	 0	 8.9	 0	 0	 0	 2.4213	 2.4213	 
0	 0	 9	 0	 0	 0	 2.4273	 2.4273	 
0	 0	 9.1	 0	 0	 0	 2.43323	 2.43323	 
0	 0	 9.2	 0	 0	 0	 2.4391	 2.4391	 
0	 0	 9.3	 0	 0	 0	 2.44491	 2.44491	 
0	 0	 9.4	 0	 0	 0	 2.45065	 2.45065	 
0	 0	 9.5	 0	 0	 0	 2.45634	 2.45634	 
0	 0	 9.6	 0	 0	 0	 2.46196	 2.46196	 
0	 0	 9.7	 0	 0	 0	 2.46753	 2.46753	 
0	 0	 9.8	 0	 0	 0	 2.47304	 2.47304	 
0	 0	 9.9	 0	 0	 0	 2.4785	 2.4785	 
0	 0	 10	 0	 0	 0	 2.4839	 2.4839	 
