MCore, MMantle, MWater, MGas, RCore, RMantle, RWater, RPlanet
0	 0	 0.5	 0	 0	 0	 1.14913	 1.14913	 
0	 0	 0.6	 0	 0	 0	 1.20594	 1.20594	 
0	 0	 0.7	 0	 0	 0	 1.25509	 1.25509	 
0	 0	 0.8	 0	 0	 0	 1.29945	 1.29945	 
0	 0	 0.9	 0	 0	 0	 1.34014	 1.34014	 
0	 0	 1	 0	 0	 0	 1.37786	 1.37786	 
0	 0	 1.1	 0	 0	 0	 1.41309	 1.41309	 
0	 0	 1.2	 0	 0	 0	 1.4462	 1.4462	 
0	 0	 1.3	 0	 0	 0	 1.47747	 1.47747	 
0	 0	 1.4	 0	 0	 0	 1.50712	 1.50712	 
0	 0	 1.5	 0	 0	 0	 1.53534	 1.53534	 
0	 0	 1.6	 0	 0	 0	 1.56227	 1.56227	 
0	 0	 1.7	 0	 0	 0	 1.58806	 1.58806	 
0	 0	 1.8	 0	 0	 0	 1.6128	 1.6128	 
0	 0	 1.9	 0	 0	 0	 1.6366	 1.6366	 
0	 0	 2	 0	 0	 0	 1.65952	 1.65952	 
0	 0	 2.1	 0	 0	 0	 1.68164	 1.68164	 
0	 0	 2.2	 0	 0	 0	 1.70302	 1.70302	 
0	 0	 2.3	 0	 0	 0	 1.72371	 1.72371	 
0	 0	 2.4	 0	 0	 0	 1.74377	 1.74377	 
0	 0	 2.5	 0	 0	 0	 1.76324	 1.76324	 
0	 0	 2.6	 0	 0	 0	 1.78215	 1.78215	 
0	 0	 2.7	 0	 0	 0	 1.80054	 1.80054	 
0	 0	 2.8	 0	 0	 0	 1.81843	 1.81843	 
0	 0	 2.9	 0	 0	 0	 1.83587	 1.83587	 
0	 0	 3	 0	 0	 0	 1.85288	 1.85288	 
0	 0	 3.1	 0	 0	 0	 1.86947	 1.86947	 
0	 0	 3.2	 0	 0	 0	 1.88567	 1.88567	 
0	 0	 3.3	 0	 0	 0	 1.90151	 1.90151	 
0	 0	 3.4	 0	 0	 0	 1.91699	 1.91699	 
0	 0	 3.5	 0	 0	 0	 1.93214	 1.93214	 
0	 0	 3.6	 0	 0	 0	 1.94697	 1.94697	 
0	 0	 3.7	 0	 0	 0	 1.9615	 1.9615	 
0	 0	 3.8	 0	 0	 0	 1.97574	 1.97574	 
0	 0	 3.9	 0	 0	 0	 1.9897	 1.9897	 
0	 0	 4	 0	 0	 0	 2.00339	 2.00339	 
0	 0	 4.1	 0	 0	 0	 2.01683	 2.01683	 
0	 0	 4.2	 0	 0	 0	 2.03003	 2.03003	 
0	 0	 4.3	 0	 0	 0	 2.04299	 2.04299	 
0	 0	 4.4	 0	 0	 0	 2.05572	 2.05572	 
0	 0	 4.5	 0	 0	 0	 2.06824	 2.06824	 
0	 0	 4.6	 0	 0	 0	 2.08055	 2.08055	 
0	 0	 4.7	 0	 0	 0	 2.09266	 2.09266	 
0	 0	 4.8	 0	 0	 0	 2.10457	 2.10457	 
0	 0	 4.9	 0	 0	 0	 2.11629	 2.11629	 
0	 0	 5	 0	 0	 0	 2.12784	 2.12784	 
0	 0	 5.1	 0	 0	 0	 2.13921	 2.13921	 
0	 0	 5.2	 0	 0	 0	 2.15041	 2.15041	 
0	 0	 5.3	 0	 0	 0	 2.16144	 2.16144	 
0	 0	 5.4	 0	 0	 0	 2.17232	 2.17232	 
0	 0	 5.5	 0	 0	 0	 2.18305	 2.18305	 
0	 0	 5.6	 0	 0	 0	 2.19362	 2.19362	 
0	 0	 5.7	 0	 0	 0	 2.20405	 2.20405	 
0	 0	 5.8	 0	 0	 0	 2.21434	 2.21434	 
0	 0	 5.9	 0	 0	 0	 2.2245	 2.2245	 
0	 0	 6	 0	 0	 0	 2.23452	 2.23452	 
0	 0	 6.1	 0	 0	 0	 2.24441	 2.24441	 
0	 0	 6.2	 0	 0	 0	 2.25418	 2.25418	 
0	 0	 6.3	 0	 0	 0	 2.26383	 2.26383	 
0	 0	 6.4	 0	 0	 0	 2.27336	 2.27336	 
0	 0	 6.5	 0	 0	 0	 2.28277	 2.28277	 
0	 0	 6.6	 0	 0	 0	 2.29207	 2.29207	 
0	 0	 6.7	 0	 0	 0	 2.30126	 2.30126	 
0	 0	 6.8	 0	 0	 0	 2.31035	 2.31035	 
0	 0	 6.9	 0	 0	 0	 2.31933	 2.31933	 
0	 0	 7	 0	 0	 0	 2.32821	 2.32821	 
0	 0	 7.1	 0	 0	 0	 2.33699	 2.33699	 
0	 0	 7.2	 0	 0	 0	 2.34568	 2.34568	 
0	 0	 7.3	 0	 0	 0	 2.35427	 2.35427	 
0	 0	 7.4	 0	 0	 0	 2.36277	 2.36277	 
0	 0	 7.5	 0	 0	 0	 2.37118	 2.37118	 
0	 0	 7.6	 0	 0	 0	 2.3795	 2.3795	 
0	 0	 7.7	 0	 0	 0	 2.38773	 2.38773	 
0	 0	 7.8	 0	 0	 0	 2.39588	 2.39588	 
0	 0	 7.9	 0	 0	 0	 2.40395	 2.40395	 
0	 0	 8	 0	 0	 0	 2.41194	 2.41194	 
0	 0	 8.1	 0	 0	 0	 2.41985	 2.41985	 
0	 0	 8.2	 0	 0	 0	 2.42768	 2.42768	 
0	 0	 8.3	 0	 0	 0	 2.43544	 2.43544	 
0	 0	 8.4	 0	 0	 0	 2.44313	 2.44313	 
0	 0	 8.5	 0	 0	 0	 2.45074	 2.45074	 
0	 0	 8.6	 0	 0	 0	 2.45828	 2.45828	 
0	 0	 8.7	 0	 0	 0	 2.46575	 2.46575	 
0	 0	 8.8	 0	 0	 0	 2.47315	 2.47315	 
0	 0	 8.9	 0	 0	 0	 2.48049	 2.48049	 
0	 0	 9	 0	 0	 0	 2.48776	 2.48776	 
0	 0	 9.1	 0	 0	 0	 2.49497	 2.49497	 
0	 0	 9.2	 0	 0	 0	 2.50211	 2.50211	 
0	 0	 9.3	 0	 0	 0	 2.50919	 2.50919	 
0	 0	 9.4	 0	 0	 0	 2.51621	 2.51621	 
0	 0	 9.5	 0	 0	 0	 2.52318	 2.52318	 
0	 0	 9.6	 0	 0	 0	 2.53008	 2.53008	 
0	 0	 9.7	 0	 0	 0	 2.53692	 2.53692	 
0	 0	 9.8	 0	 0	 0	 2.54371	 2.54371	 
0	 0	 9.9	 0	 0	 0	 2.55045	 2.55045	 
0	 0	 10	 0	 0	 0	 2.55713	 2.55713	 
