MCore, MMantle, MWater, MGas, RCore, RMantle, RWater, RPlanet
0	 0.5	 0	 0	 0	 0.842592	 0.842592	 0.842592	 
0	 0.6	 0	 0	 0	 0.891944	 0.891944	 0.891944	 
0	 0.7	 0	 0	 0	 0.935629	 0.935629	 0.935629	 
0	 0.8	 0	 0	 0	 0.974983	 0.974983	 0.974983	 
0	 0.9	 0	 0	 0	 1.01085	 1.01085	 1.01085	 
0	 1	 0	 0	 0	 1.04388	 1.04388	 1.04388	 
0	 1.1	 0	 0	 0	 1.07449	 1.07449	 1.07449	 
0	 1.2	 0	 0	 0	 1.10306	 1.10306	 1.10306	 
0	 1.3	 0	 0	 0	 1.12988	 1.12988	 1.12988	 
0	 1.4	 0	 0	 0	 1.15516	 1.15516	 1.15516	 
0	 1.5	 0	 0	 0	 1.1791	 1.1791	 1.1791	 
0	 1.6	 0	 0	 0	 1.20183	 1.20183	 1.20183	 
0	 1.7	 0	 0	 0	 1.2235	 1.2235	 1.2235	 
0	 1.8	 0	 0	 0	 1.24419	 1.24419	 1.24419	 
0	 1.9	 0	 0	 0	 1.26402	 1.26402	 1.26402	 
0	 2	 0	 0	 0	 1.28304	 1.28304	 1.28304	 
0	 2.1	 0	 0	 0	 1.30131	 1.30131	 1.30131	 
0	 2.2	 0	 0	 0	 1.31891	 1.31891	 1.31891	 
0	 2.3	 0	 0	 0	 1.33591	 1.33591	 1.33591	 
0	 2.4	 0	 0	 0	 1.35231	 1.35231	 1.35231	 
0	 2.5	 0	 0	 0	 1.36818	 1.36818	 1.36818	 
0	 2.6	 0	 0	 0	 1.38356	 1.38356	 1.38356	 
0	 2.7	 0	 0	 0	 1.39847	 1.39847	 1.39847	 
0	 2.8	 0	 0	 0	 1.41294	 1.41294	 1.41294	 
0	 2.9	 0	 0	 0	 1.427	 1.427	 1.427	 
0	 3	 0	 0	 0	 1.44068	 1.44068	 1.44068	 
0	 3.1	 0	 0	 0	 1.45399	 1.45399	 1.45399	 
0	 3.2	 0	 0	 0	 1.46696	 1.46696	 1.46696	 
0	 3.3	 0	 0	 0	 1.4796	 1.4796	 1.4796	 
0	 3.4	 0	 0	 0	 1.49193	 1.49193	 1.49193	 
0	 3.5	 0	 0	 0	 1.50397	 1.50397	 1.50397	 
0	 3.6	 0	 0	 0	 1.51573	 1.51573	 1.51573	 
0	 3.7	 0	 0	 0	 1.52723	 1.52723	 1.52723	 
0	 3.8	 0	 0	 0	 1.53847	 1.53847	 1.53847	 
0	 3.9	 0	 0	 0	 1.54947	 1.54947	 1.54947	 
0	 4	 0	 0	 0	 1.56024	 1.56024	 1.56024	 
0	 4.1	 0	 0	 0	 1.57079	 1.57079	 1.57079	 
0	 4.2	 0	 0	 0	 1.58113	 1.58113	 1.58113	 
0	 4.3	 0	 0	 0	 1.59126	 1.59126	 1.59126	 
0	 4.4	 0	 0	 0	 1.6012	 1.6012	 1.6012	 
0	 4.5	 0	 0	 0	 1.61095	 1.61095	 1.61095	 
0	 4.6	 0	 0	 0	 1.62053	 1.62053	 1.62053	 
0	 4.7	 0	 0	 0	 1.62993	 1.62993	 1.62993	 
0	 4.8	 0	 0	 0	 1.63916	 1.63916	 1.63916	 
0	 4.9	 0	 0	 0	 1.64823	 1.64823	 1.64823	 
0	 5	 0	 0	 0	 1.65715	 1.65715	 1.65715	 
0	 5.1	 0	 0	 0	 1.66592	 1.66592	 1.66592	 
0	 5.2	 0	 0	 0	 1.67454	 1.67454	 1.67454	 
0	 5.3	 0	 0	 0	 1.68302	 1.68302	 1.68302	 
0	 5.4	 0	 0	 0	 1.69137	 1.69137	 1.69137	 
0	 5.5	 0	 0	 0	 1.69959	 1.69959	 1.69959	 
0	 5.6	 0	 0	 0	 1.70768	 1.70768	 1.70768	 
0	 5.7	 0	 0	 0	 1.71565	 1.71565	 1.71565	 
0	 5.8	 0	 0	 0	 1.72349	 1.72349	 1.72349	 
0	 5.9	 0	 0	 0	 1.73123	 1.73123	 1.73123	 
0	 6	 0	 0	 0	 1.73885	 1.73885	 1.73885	 
0	 6.1	 0	 0	 0	 1.74636	 1.74636	 1.74636	 
0	 6.2	 0	 0	 0	 1.75377	 1.75377	 1.75377	 
0	 6.3	 0	 0	 0	 1.76107	 1.76107	 1.76107	 
0	 6.4	 0	 0	 0	 1.76828	 1.76828	 1.76828	 
0	 6.5	 0	 0	 0	 1.77538	 1.77538	 1.77538	 
0	 6.6	 0	 0	 0	 1.78239	 1.78239	 1.78239	 
0	 6.7	 0	 0	 0	 1.78932	 1.78932	 1.78932	 
0	 6.8	 0	 0	 0	 1.79615	 1.79615	 1.79615	 
0	 6.9	 0	 0	 0	 1.80289	 1.80289	 1.80289	 
0	 7	 0	 0	 0	 1.80955	 1.80955	 1.80955	 
0	 7.1	 0	 0	 0	 1.81612	 1.81612	 1.81612	 
0	 7.2	 0	 0	 0	 1.82262	 1.82262	 1.82262	 
0	 7.3	 0	 0	 0	 1.82903	 1.82903	 1.82903	 
0	 7.4	 0	 0	 0	 1.83536	 1.83536	 1.83536	 
0	 7.5	 0	 0	 0	 1.84163	 1.84163	 1.84163	 
0	 7.6	 0	 0	 0	 1.84782	 1.84782	 1.84782	 
0	 7.7	 0	 0	 0	 1.85394	 1.85394	 1.85394	 
0	 7.8	 0	 0	 0	 1.85999	 1.85999	 1.85999	 
0	 7.9	 0	 0	 0	 1.86597	 1.86597	 1.86597	 
0	 8	 0	 0	 0	 1.87187	 1.87187	 1.87187	 
0	 8.1	 0	 0	 0	 1.87773	 1.87773	 1.87773	 
0	 8.2	 0	 0	 0	 1.8835	 1.8835	 1.8835	 
0	 8.3	 0	 0	 0	 1.88923	 1.88923	 1.88923	 
0	 8.4	 0	 0	 0	 1.89489	 1.89489	 1.89489	 
0	 8.5	 0	 0	 0	 1.90047	 1.90047	 1.90047	 
0	 8.6	 0	 0	 0	 1.90602	 1.90602	 1.90602	 
0	 8.7	 0	 0	 0	 1.91151	 1.91151	 1.91151	 
0	 8.8	 0	 0	 0	 1.91693	 1.91693	 1.91693	 
0	 8.9	 0	 0	 0	 1.9223	 1.9223	 1.9223	 
0	 9	 0	 0	 0	 1.92762	 1.92762	 1.92762	 
0	 9.1	 0	 0	 0	 1.93286	 1.93286	 1.93286	 
0	 9.2	 0	 0	 0	 1.93809	 1.93809	 1.93809	 
0	 9.3	 0	 0	 0	 1.94325	 1.94325	 1.94325	 
0	 9.4	 0	 0	 0	 1.94835	 1.94835	 1.94835	 
0	 9.5	 0	 0	 0	 1.95341	 1.95341	 1.95341	 
0	 9.6	 0	 0	 0	 1.95842	 1.95842	 1.95842	 
0	 9.7	 0	 0	 0	 1.96338	 1.96338	 1.96338	 
0	 9.8	 0	 0	 0	 1.96829	 1.96829	 1.96829	 
0	 9.9	 0	 0	 0	 1.97317	 1.97317	 1.97317	 
0	 10	 0	 0	 0	 1.978	 1.978	 1.978	 
