MCore, MMantle, MWater, MGas, RCore, RMantle, RWater, RPlanet
0	 0.5	 0	 0	 0	 0.868506	 0.868506	 0.868506	 
0	 0.6	 0	 0	 0	 0.916411	 0.916411	 0.916411	 
0	 0.7	 0	 0	 0	 0.958817	 0.958817	 0.958817	 
0	 0.8	 0	 0	 0	 0.996999	 0.996999	 0.996999	 
0	 0.9	 0	 0	 0	 1.03181	 1.03181	 1.03181	 
0	 1	 0	 0	 0	 1.06384	 1.06384	 1.06384	 
0	 1.1	 0	 0	 0	 1.09357	 1.09357	 1.09357	 
0	 1.2	 0	 0	 0	 1.12133	 1.12133	 1.12133	 
0	 1.3	 0	 0	 0	 1.1474	 1.1474	 1.1474	 
0	 1.4	 0	 0	 0	 1.172	 1.172	 1.172	 
0	 1.5	 0	 0	 0	 1.19526	 1.19526	 1.19526	 
0	 1.6	 0	 0	 0	 1.21737	 1.21737	 1.21737	 
0	 1.7	 0	 0	 0	 1.23846	 1.23846	 1.23846	 
0	 1.8	 0	 0	 0	 1.2586	 1.2586	 1.2586	 
0	 1.9	 0	 0	 0	 1.2779	 1.2779	 1.2779
0	 2	 0	 0	 0	 1.29642	 1.29642	 1.29642	 
0	 2.1	 0	 0	 0	 1.31422	 1.31422	 1.31422	 
0	 2.2	 0	 0	 0	 1.33143	 1.33143	 1.33143	 
0	 2.3	 0	 0	 0	 1.34795	 1.34795	 1.34795	 
0	 2.4	 0	 0	 0	 1.36396	 1.36396	 1.36396
0	 2.5	 0	 0	 0	 1.37945	 1.37945	 1.37945	 
0	 2.6	 0	 0	 0	 1.39444	 1.39444	 1.39444	 
0	 2.7	 0	 0	 0	 1.409	 1.409	 1.409	 
0	 2.8	 0	 0	 0	 1.42315	 1.42315	 1.42315	 
0	 2.9	 0	 0	 0	 1.43685	 1.43685	 1.43685	 
0	 3	 0	 0	 0	 1.45021	 1.45021	 1.45021	 
0	 3.1	 0	 0	 0	 1.46322	 1.46322	 1.46322
0	 3.2	 0	 0	 0	 1.4759	 1.4759	 1.4759	 
0	 3.3	 0	 0	 0	 1.48826	 1.48826	 1.48826	 
0	 3.4	 0	 0	 0	 1.50032	 1.50032	 1.50032	 
0	 3.5	 0	 0	 0	 1.51209	 1.51209	 1.51209	 
0	 3.6	 0	 0	 0	 1.52362	 1.52362	 1.52362	 
0	 3.7	 0	 0	 0	 1.53486	 1.53486	 1.53486	 
0	 3.8	 0	 0	 0	 1.54587	 1.54587	 1.54587
0	 3.9	 0	 0	 0	 1.55662	 1.55662	 1.55662	 
0	 4	 0	 0	 0	 1.56719	 1.56719	 1.56719	 
0	 4.1	 0	 0	 0	 1.57753	 1.57753	 1.57753	 
0	 4.2	 0	 0	 0	 1.58767	 1.58767	 1.58767	 
0	 4.3	 0	 0	 0	 1.5976	 1.5976	 1.5976	 
0	 4.4	 0	 0	 0	 1.60738	 1.60738	 1.60738	 
0	 4.5	 0	 0	 0	 1.61693	 1.61693	 1.61693	 
0	 4.6	 0	 0	 0	 1.62635	 1.62635	 1.62635	 
0	 4.7	 0	 0	 0	 1.63557	 1.63557	 1.63557	 
0	 4.8	 0	 0	 0	 1.64468	 1.64468	 1.64468	 
0	 4.9	 0	 0	 0	 1.65356	 1.65356	 1.65356	 
0	 5	 0	 0	 0	 1.66237	 1.66237	 1.66237	 
0	 5.1	 0	 0	 0	 1.67095	 1.67095	 1.67095	 
0	 5.2	 0	 0	 0	 1.67944	 1.67944	 1.67944	 
0	 5.3	 0	 0	 0	 1.68779	 1.68779	 1.68779	 
0	 5.4	 0	 0	 0	 1.69601	 1.69601	 1.69601	 
0	 5.5	 0	 0	 0	 1.70409	 1.70409	 1.70409	 
0	 5.6	 0	 0	 0	 1.71211	 1.71211	 1.71211	 
0	 5.7	 0	 0	 0	 1.71993	 1.71993	 1.71993	 
0	 5.8	 0	 0	 0	 1.72767	 1.72767	 1.72767	 
0	 5.9	 0	 0	 0	 1.73531	 1.73531	 1.73531	 
0	 6	 0	 0	 0	 1.74283	 1.74283	 1.74283
0	 6.1	 0	 0	 0	 1.75025	 1.75025	 1.75025	 
0	 6.2	 0	 0	 0	 1.75757	 1.75757	 1.75757	 
0	 6.3	 0	 0	 0	 1.76479	 1.76479	 1.76479	 
0	 6.4	 0	 0	 0	 1.77191	 1.77191	 1.77191	 
0	 6.5	 0	 0	 0	 1.77894	 1.77894	 1.77894	 
0	 6.6	 0	 0	 0	 1.78588	 1.78588	 1.78588	 
0	 6.7	 0	 0	 0	 1.79274	 1.79274	 1.79274	 
0	 6.8	 0	 0	 0	 1.79953	 1.79953	 1.79953	 
0	 6.9	 0	 0	 0	 1.80619	 1.80619	 1.80619	 
0	 7	 0	 0	 0	 1.81279	 1.81279	 1.81279	 
0	 7.1	 0	 0	 0	 1.81931	 1.81931	 1.81931	 
0	 7.2	 0	 0	 0	 1.82576	 1.82576	 1.82576	 
0	 7.3	 0	 0	 0	 1.83213	 1.83213	 1.83213	 
0	 7.4	 0	 0	 0	 1.83843	 1.83843	 1.83843	 
0	 7.5	 0	 0	 0	 1.84465	 1.84465	 1.84465	 
0	 7.6	 0	 0	 0	 1.85081	 1.85081	 1.85081	 
0	 7.7	 0	 0	 0	 1.85691	 1.85691	 1.85691	 
0	 7.8	 0	 0	 0	 1.86292	 1.86292	 1.86292	 
0	 7.9	 0	 0	 0	 1.86887	 1.86887	 1.86887	 
0	 8	 0	 0	 0	 1.87476	 1.87476	 1.87476	 
0	 8.1	 0	 0	 0	 1.88059	 1.88059	 1.88059	 
0	 8.2	 0	 0	 0	 1.88634	 1.88634	 1.88634	 
0	 8.3	 0	 0	 0	 1.89206	 1.89206	 1.89206	 
0	 8.4	 0	 0	 0	 1.89771	 1.89771	 1.89771	 
0	 8.5	 0	 0	 0	 1.9033	 1.9033	 1.9033	 
0	 8.6	 0	 0	 0	 1.90884	 1.90884	 1.90884	 
0	 8.7	 0	 0	 0	 1.91434	 1.91434	 1.91434	 
0	 8.8	 0	 0	 0	 1.91975	 1.91975	 1.91975	 
0	 8.9	 0	 0	 0	 1.9251	 1.9251	 1.9251	 
0	 9	 0	 0	 0	 1.93044	 1.93044	 1.93044	 
0	 9.1	 0	 0	 0	 1.93572	 1.93572	 1.93572	 
0	 9.2	 0	 0	 0	 1.94097	 1.94097	 1.94097	 
0	 9.3	 0	 0	 0	 1.94612	 1.94612	 1.94612	 
0	 9.4	 0	 0	 0	 1.95125	 1.95125	 1.95125	 
0	 9.5	 0	 0	 0	 1.9563	 1.9563	 1.9563	 
0	 9.6	 0	 0	 0	 1.96138	 1.96138	 1.96138	 
0	 9.7	 0	 0	 0	 1.96637	 1.96637	 1.96637	 
0	 9.8	 0	 0	 0	 1.97129	 1.97129	 1.97129	 
0	 9.9	 0	 0	 0	 1.9762	 1.9762	 1.9762	 
0	 10	 0	 0	 0	 1.98105	 1.98105	 1.98105	 
