MCore, MMantle, MWater, MGas, RCore, RMantle, RWater, RPlanet
0.5	 0	 0	 0	 0.631805	 0.631805	 0.631805	 0.631805	 
0.6	 0	 0	 0	 0.666238	 0.666238	 0.666238	 0.666238	 
0.7	 0	 0	 0	 0.696547	 0.696547	 0.696547	 0.696547	 
0.8	 0	 0	 0	 0.723704	 0.723704	 0.723704	 0.723704	 
0.9	 0	 0	 0	 0.748364	 0.748364	 0.748364	 0.748364	 
1	 0	 0	 0	 0.770992	 0.770992	 0.770992	 0.770992	 
1.1	 0	 0	 0	 0.791927	 0.791927	 0.791927	 0.791927	 
1.2	 0	 0	 0	 0.811429	 0.811429	 0.811429	 0.811429	 
1.3	 0	 0	 0	 0.829701	 0.829701	 0.829701	 0.829701	 
1.4	 0	 0	 0	 0.846904	 0.846904	 0.846904	 0.846904	 
1.5	 0	 0	 0	 0.863165	 0.863165	 0.863165	 0.863165	 
1.6	 0	 0	 0	 0.878594	 0.878594	 0.878594	 0.878594	 
1.7	 0	 0	 0	 0.893277	 0.893277	 0.893277	 0.893277	 
1.8	 0	 0	 0	 0.907292	 0.907292	 0.907292	 0.907292	 
1.9	 0	 0	 0	 0.920701	 0.920701	 0.920701	 0.920701	 
2	 0	 0	 0	 0.933559	 0.933559	 0.933559	 0.933559	 
2.1	 0	 0	 0	 0.945914	 0.945914	 0.945914	 0.945914	 
2.2	 0	 0	 0	 0.957806	 0.957806	 0.957806	 0.957806	 
2.3	 0	 0	 0	 0.969273	 0.969273	 0.969273	 0.969273	 
2.4	 0	 0	 0	 0.980345	 0.980345	 0.980345	 0.980345	 
2.5	 0	 0	 0	 0.991052	 0.991052	 0.991052	 0.991052	 
2.6	 0	 0	 0	 1.00142	 1.00142	 1.00142	 1.00142	 
2.7	 0	 0	 0	 1.01147	 1.01147	 1.01147	 1.01147	 
2.8	 0	 0	 0	 1.02122	 1.02122	 1.02122	 1.02122	 
2.9	 0	 0	 0	 1.0307	 1.0307	 1.0307	 1.0307	 
3	 0	 0	 0	 1.03991	 1.03991	 1.03991	 1.03991	 
3.1	 0	 0	 0	 1.04887	 1.04887	 1.04887	 1.04887	 
3.2	 0	 0	 0	 1.0576	 1.0576	 1.0576	 1.0576	 
3.3	 0	 0	 0	 1.06612	 1.06612	 1.06612	 1.06612	 
3.4	 0	 0	 0	 1.07442	 1.07442	 1.07442	 1.07442	 
3.5	 0	 0	 0	 1.08252	 1.08252	 1.08252	 1.08252	 
3.6	 0	 0	 0	 1.09044	 1.09044	 1.09044	 1.09044	 
3.7	 0	 0	 0	 1.09818	 1.09818	 1.09818	 1.09818	 
3.8	 0	 0	 0	 1.10575	 1.10575	 1.10575	 1.10575	 
3.9	 0	 0	 0	 1.11315	 1.11315	 1.11315	 1.11315	 
4	 0	 0	 0	 1.1204	 1.1204	 1.1204	 1.1204	 
4.1	 0	 0	 0	 1.12751	 1.12751	 1.12751	 1.12751	 
4.2	 0	 0	 0	 1.13446	 1.13446	 1.13446	 1.13446	 
4.3	 0	 0	 0	 1.14129	 1.14129	 1.14129	 1.14129	 
4.4	 0	 0	 0	 1.14798	 1.14798	 1.14798	 1.14798	 
4.5	 0	 0	 0	 1.15455	 1.15455	 1.15455	 1.15455	 
4.6	 0	 0	 0	 1.16099	 1.16099	 1.16099	 1.16099	 
4.7	 0	 0	 0	 1.16733	 1.16733	 1.16733	 1.16733	 
4.8	 0	 0	 0	 1.17355	 1.17355	 1.17355	 1.17355	 
4.9	 0	 0	 0	 1.17966	 1.17966	 1.17966	 1.17966	 
5	 0	 0	 0	 1.18567	 1.18567	 1.18567	 1.18567	 
5.1	 0	 0	 0	 1.19157	 1.19157	 1.19157	 1.19157	 
5.2	 0	 0	 0	 1.19739	 1.19739	 1.19739	 1.19739	 
5.3	 0	 0	 0	 1.2031	 1.2031	 1.2031	 1.2031	 
5.4	 0	 0	 0	 1.20873	 1.20873	 1.20873	 1.20873	 
5.5	 0	 0	 0	 1.21427	 1.21427	 1.21427	 1.21427	 
5.6	 0	 0	 0	 1.21973	 1.21973	 1.21973	 1.21973	 
5.7	 0	 0	 0	 1.22511	 1.22511	 1.22511	 1.22511	 
5.8	 0	 0	 0	 1.2304	 1.2304	 1.2304	 1.2304	 
5.9	 0	 0	 0	 1.23562	 1.23562	 1.23562	 1.23562	 
6	 0	 0	 0	 1.24077	 1.24077	 1.24077	 1.24077	 
6.1	 0	 0	 0	 1.24584	 1.24584	 1.24584	 1.24584	 
6.2	 0	 0	 0	 1.25084	 1.25084	 1.25084	 1.25084	 
6.3	 0	 0	 0	 1.25577	 1.25577	 1.25577	 1.25577	 
6.4	 0	 0	 0	 1.26064	 1.26064	 1.26064	 1.26064	 
6.5	 0	 0	 0	 1.26544	 1.26544	 1.26544	 1.26544	 
6.6	 0	 0	 0	 1.27018	 1.27018	 1.27018	 1.27018	 
6.7	 0	 0	 0	 1.27486	 1.27486	 1.27486	 1.27486	 
6.8	 0	 0	 0	 1.27948	 1.27948	 1.27948	 1.27948	 
6.9	 0	 0	 0	 1.28405	 1.28405	 1.28405	 1.28405	 
7	 0	 0	 0	 1.28855	 1.28855	 1.28855	 1.28855	 
7.1	 0	 0	 0	 1.293	 1.293	 1.293	 1.293	 
7.2	 0	 0	 0	 1.2974	 1.2974	 1.2974	 1.2974	 
7.3	 0	 0	 0	 1.30174	 1.30174	 1.30174	 1.30174	 
7.4	 0	 0	 0	 1.30604	 1.30604	 1.30604	 1.30604	 
7.5	 0	 0	 0	 1.31028	 1.31028	 1.31028	 1.31028	 
7.6	 0	 0	 0	 1.31448	 1.31448	 1.31448	 1.31448	 
7.7	 0	 0	 0	 1.31863	 1.31863	 1.31863	 1.31863	 
7.8	 0	 0	 0	 1.32273	 1.32273	 1.32273	 1.32273	 
7.9	 0	 0	 0	 1.32679	 1.32679	 1.32679	 1.32679	 
8	 0	 0	 0	 1.3308	 1.3308	 1.3308	 1.3308	 
8.1	 0	 0	 0	 1.33477	 1.33477	 1.33477	 1.33477	 
8.2	 0	 0	 0	 1.33869	 1.33869	 1.33869	 1.33869	 
8.3	 0	 0	 0	 1.34258	 1.34258	 1.34258	 1.34258	 
8.4	 0	 0	 0	 1.34642	 1.34642	 1.34642	 1.34642	 
8.5	 0	 0	 0	 1.35023	 1.35023	 1.35023	 1.35023	 
8.6	 0	 0	 0	 1.35399	 1.35399	 1.35399	 1.35399	 
8.7	 0	 0	 0	 1.35772	 1.35772	 1.35772	 1.35772	 
8.8	 0	 0	 0	 1.36141	 1.36141	 1.36141	 1.36141	 
8.9	 0	 0	 0	 1.36507	 1.36507	 1.36507	 1.36507	 
9	 0	 0	 0	 1.36869	 1.36869	 1.36869	 1.36869	 
9.1	 0	 0	 0	 1.37227	 1.37227	 1.37227	 1.37227	 
9.2	 0	 0	 0	 1.37582	 1.37582	 1.37582	 1.37582	 
9.3	 0	 0	 0	 1.37933	 1.37933	 1.37933	 1.37933	 
9.4	 0	 0	 0	 1.38282	 1.38282	 1.38282	 1.38282	 
9.5	 0	 0	 0	 1.38627	 1.38627	 1.38627	 1.38627	 
9.6	 0	 0	 0	 1.38969	 1.38969	 1.38969	 1.38969	 
9.7	 0	 0	 0	 1.39307	 1.39307	 1.39307	 1.39307	 
9.8	 0	 0	 0	 1.39643	 1.39643	 1.39643	 1.39643	 
9.9	 0	 0	 0	 1.39976	 1.39976	 1.39976	 1.39976	 
10	 0	 0	 0	 1.40305	 1.40305	 1.40305	 1.40305	 
