MCore, MMantle, MWater, MGas, RCore, RMantle, RWater, RPlanet
0	 0	 0.5	 0	 0	 0	 1.14039	 1.14039	 
0	 0	 0.6	 0	 0	 0	 1.20213	 1.20213	 
0	 0	 0.7	 0	 0	 0	 1.25631	 1.25631	 
0	 0	 0.8	 0	 0	 0	 1.3047	 1.3047	 
0	 0	 0.9	 0	 0	 0	 1.34853	 1.34853	 
0	 0	 1	 0	 0	 0	 1.38869	 1.38869	 
0	 0	 1.1	 0	 0	 0	 1.42582	 1.42582	 
0	 0	 1.2	 0	 0	 0	 1.46041	 1.46041	 
0	 0	 1.3	 0	 0	 0	 1.49283	 1.49283	 
0	 0	 1.4	 0	 0	 0	 1.52335	 1.52335	 
0	 0	 1.5	 0	 0	 0	 1.5522	 1.5522	 
0	 0	 1.6	 0	 0	 0	 1.57956	 1.57956	 
0	 0	 1.7	 0	 0	 0	 1.60561	 1.60561	 
0	 0	 1.8	 0	 0	 0	 1.63049	 1.63049	 
0	 0	 1.9	 0	 0	 0	 1.65432	 1.65432	 
0	 0	 2	 0	 0	 0	 1.67721	 1.67721	 
0	 0	 2.1	 0	 0	 0	 1.69925	 1.69925	 
0	 0	 2.2	 0	 0	 0	 1.72051	 1.72051	 
0	 0	 2.3	 0	 0	 0	 1.74105	 1.74105	 
0	 0	 2.4	 0	 0	 0	 1.76093	 1.76093	 
0	 0	 2.5	 0	 0	 0	 1.78019	 1.78019	 
0	 0	 2.6	 0	 0	 0	 1.79891	 1.79891	 
0	 0	 2.7	 0	 0	 0	 1.81704	 1.81704	 
0	 0	 2.8	 0	 0	 0	 1.83469	 1.83469	 
0	 0	 2.9	 0	 0	 0	 1.8519	 1.8519	 
0	 0	 3	 0	 0	 0	 1.86863	 1.86863	 
0	 0	 3.1	 0	 0	 0	 1.88495	 1.88495	 
0	 0	 3.2	 0	 0	 0	 1.9009	 1.9009	 
0	 0	 3.3	 0	 0	 0	 1.91649	 1.91649	 
0	 0	 3.4	 0	 0	 0	 1.93164	 1.93164	 
0	 0	 3.5	 0	 0	 0	 1.94648	 1.94648	 
0	 0	 3.6	 0	 0	 0	 1.96107	 1.96107	 
0	 0	 3.7	 0	 0	 0	 1.97529	 1.97529	 
0	 0	 3.8	 0	 0	 0	 1.98922	 1.98922	 
0	 0	 3.9	 0	 0	 0	 2.0029	 2.0029	 
0	 0	 4	 0	 0	 0	 2.01632	 2.01632	 
0	 0	 4.1	 0	 0	 0	 2.02949	 2.02949	 
0	 0	 4.2	 0	 0	 0	 2.04243	 2.04243	 
0	 0	 4.3	 0	 0	 0	 2.05512	 2.05512	 
0	 0	 4.4	 0	 0	 0	 2.0676	 2.0676	 
0	 0	 4.5	 0	 0	 0	 2.07982	 2.07982	 
0	 0	 4.6	 0	 0	 0	 2.09186	 2.09186	 
0	 0	 4.7	 0	 0	 0	 2.10372	 2.10372	 
0	 0	 4.8	 0	 0	 0	 2.11537	 2.11537	 
0	 0	 4.9	 0	 0	 0	 2.12685	 2.12685	 
0	 0	 5	 0	 0	 0	 2.13807	 2.13807	 
0	 0	 5.1	 0	 0	 0	 2.1492	 2.1492	 
0	 0	 5.2	 0	 0	 0	 2.16015	 2.16015	 
0	 0	 5.3	 0	 0	 0	 2.17085	 2.17085	 
0	 0	 5.4	 0	 0	 0	 2.1815	 2.1815	 
0	 0	 5.5	 0	 0	 0	 2.19194	 2.19194	 
0	 0	 5.6	 0	 0	 0	 2.2022	 2.2022	 
0	 0	 5.7	 0	 0	 0	 2.21238	 2.21238	 
0	 0	 5.8	 0	 0	 0	 2.22241	 2.22241	 
0	 0	 5.9	 0	 0	 0	 2.23234	 2.23234	 
0	 0	 6	 0	 0	 0	 2.24203	 2.24203	 
0	 0	 6.1	 0	 0	 0	 2.25171	 2.25171	 
0	 0	 6.2	 0	 0	 0	 2.26118	 2.26118	 
0	 0	 6.3	 0	 0	 0	 2.27056	 2.27056	 
0	 0	 6.4	 0	 0	 0	 2.27984	 2.27984	 
0	 0	 6.5	 0	 0	 0	 2.28898	 2.28898	 
0	 0	 6.6	 0	 0	 0	 2.29803	 2.29803	 
0	 0	 6.7	 0	 0	 0	 2.30697	 2.30697	 
0	 0	 6.8	 0	 0	 0	 2.31568	 2.31568	 
0	 0	 6.9	 0	 0	 0	 2.32449	 2.32449	 
0	 0	 7	 0	 0	 0	 2.3331	 2.3331	 
0	 0	 7.1	 0	 0	 0	 2.34163	 2.34163	 
0	 0	 7.2	 0	 0	 0	 2.35007	 2.35007	 
0	 0	 7.3	 0	 0	 0	 2.3584	 2.3584	 
0	 0	 7.4	 0	 0	 0	 2.36661	 2.36661	 
0	 0	 7.5	 0	 0	 0	 2.37472	 2.37472	 
0	 0	 7.6	 0	 0	 0	 2.38285	 2.38285	 
0	 0	 7.7	 0	 0	 0	 2.39083	 2.39083	 
0	 0	 7.8	 0	 0	 0	 2.39867	 2.39867	 
0	 0	 7.9	 0	 0	 0	 2.40648	 2.40648	 
0	 0	 8	 0	 0	 0	 2.41423	 2.41423	 
0	 0	 8.1	 0	 0	 0	 2.42188	 2.42188	 
0	 0	 8.2	 0	 0	 0	 2.42947	 2.42947	 
0	 0	 8.3	 0	 0	 0	 2.43692	 2.43692	 
0	 0	 8.4	 0	 0	 0	 2.44436	 2.44436	 
0	 0	 8.5	 0	 0	 0	 2.45175	 2.45175	 
0	 0	 8.6	 0	 0	 0	 2.45905	 2.45905	 
0	 0	 8.7	 0	 0	 0	 2.46619	 2.46619	 
0	 0	 8.8	 0	 0	 0	 2.47336	 2.47336	 
0	 0	 8.9	 0	 0	 0	 2.48051	 2.48051	 
0	 0	 9	 0	 0	 0	 2.48745	 2.48745	 
0	 0	 9.1	 0	 0	 0	 2.49442	 2.49442	 
0	 0	 9.2	 0	 0	 0	 2.50128	 2.50128	 
0	 0	 9.3	 0	 0	 0	 2.50812	 2.50812	 
0	 0	 9.4	 0	 0	 0	 2.51488	 2.51488	 
0	 0	 9.5	 0	 0	 0	 2.52164	 2.52164	 
0	 0	 9.6	 0	 0	 0	 2.52826	 2.52826	 
0	 0	 9.7	 0	 0	 0	 2.53486	 2.53486	 
0	 0	 9.8	 0	 0	 0	 2.54145	 2.54145	 
0	 0	 9.9	 0	 0	 0	 2.54787	 2.54787	 
0	 0	 10	 0	 0	 0	 2.55429	 2.55429	 
