MCore, MMantle, MWater, MGas, RCore, RMantle, RWater, RPlanet
0	 0.5	 0	 0	 0	 0.844737	 0.844737	 0.844737	 
0	 0.6	 0	 0	 0	 0.894012	 0.894012	 0.894012	 
0	 0.7	 0	 0	 0	 0.9376	 0.9376	 0.9376	 
0	 0.8	 0	 0	 0	 0.976819	 0.976819	 0.976819	 
0	 0.9	 0	 0	 0	 1.01255	 1.01255	 1.01255	 
0	 1	 0	 0	 0	 1.04544	 1.04544	 1.04544	 
0	 1.1	 0	 0	 0	 1.07595	 1.07595	 1.07595	 
0	 1.2	 0	 0	 0	 1.10444	 1.10444	 1.10444	 
0	 1.3	 0	 0	 0	 1.13118	 1.13118	 1.13118	 
0	 1.4	 0	 0	 0	 1.1564	 1.1564	 1.1564	 
0	 1.5	 0	 0	 0	 1.18028	 1.18028	 1.18028	 
0	 1.6	 0	 0	 0	 1.20297	 1.20297	 1.20297	 
0	 1.7	 0	 0	 0	 1.22459	 1.22459	 1.22459	 
0	 1.8	 0	 0	 0	 1.24525	 1.24525	 1.24525	 
0	 1.9	 0	 0	 0	 1.26504	 1.26504	 1.26504	 
0	 2	 0	 0	 0	 1.28406	 1.28406	 1.28406	 
0	 2.1	 0	 0	 0	 1.30231	 1.30231	 1.30231	 
0	 2.2	 0	 0	 0	 1.31992	 1.31992	 1.31992	 
0	 2.3	 0	 0	 0	 1.33691	 1.33691	 1.33691	 
0	 2.4	 0	 0	 0	 1.35332	 1.35332	 1.35332	 
0	 2.5	 0	 0	 0	 1.3692	 1.3692	 1.3692	 
0	 2.6	 0	 0	 0	 1.38459	 1.38459	 1.38459	 
0	 2.7	 0	 0	 0	 1.39953	 1.39953	 1.39953	 
0	 2.8	 0	 0	 0	 1.41401	 1.41401	 1.41401	 
0	 2.9	 0	 0	 0	 1.42809	 1.42809	 1.42809	 
0	 3	 0	 0	 0	 1.44184	 1.44184	 1.44184	 
0	 3.1	 0	 0	 0	 1.45514	 1.45514	 1.45514	 
0	 3.2	 0	 0	 0	 1.46817	 1.46817	 1.46817	 
0	 3.3	 0	 0	 0	 1.48083	 1.48083	 1.48083	 
0	 3.4	 0	 0	 0	 1.49321	 1.49321	 1.49321	 
0	 3.5	 0	 0	 0	 1.5053	 1.5053	 1.5053	 
0	 3.6	 0	 0	 0	 1.51709	 1.51709	 1.51709	 
0	 3.7	 0	 0	 0	 1.52863	 1.52863	 1.52863	 
0	 3.8	 0	 0	 0	 1.53993	 1.53993	 1.53993	 
0	 3.9	 0	 0	 0	 1.55098	 1.55098	 1.55098	 
0	 4	 0	 0	 0	 1.56182	 1.56182	 1.56182	 
0	 4.1	 0	 0	 0	 1.57241	 1.57241	 1.57241	 
0	 4.2	 0	 0	 0	 1.58281	 1.58281	 1.58281	 
0	 4.3	 0	 0	 0	 1.59301	 1.59301	 1.59301	 
0	 4.4	 0	 0	 0	 1.60301	 1.60301	 1.60301	 
0	 4.5	 0	 0	 0	 1.61283	 1.61283	 1.61283	 
0	 4.6	 0	 0	 0	 1.62247	 1.62247	 1.62247	 
0	 4.7	 0	 0	 0	 1.63196	 1.63196	 1.63196	 
0	 4.8	 0	 0	 0	 1.64124	 1.64124	 1.64124	 
0	 4.9	 0	 0	 0	 1.65039	 1.65039	 1.65039	 
0	 5	 0	 0	 0	 1.65939	 1.65939	 1.65939	 
0	 5.1	 0	 0	 0	 1.66825	 1.66825	 1.66825	 
0	 5.2	 0	 0	 0	 1.67694	 1.67694	 1.67694	 
0	 5.3	 0	 0	 0	 1.6855	 1.6855	 1.6855	 
0	 5.4	 0	 0	 0	 1.69393	 1.69393	 1.69393	 
0	 5.5	 0	 0	 0	 1.70223	 1.70223	 1.70223	 
0	 5.6	 0	 0	 0	 1.71039	 1.71039	 1.71039	 
0	 5.7	 0	 0	 0	 1.71846	 1.71846	 1.71846	 
0	 5.8	 0	 0	 0	 1.72638	 1.72638	 1.72638	 
0	 5.9	 0	 0	 0	 1.73421	 1.73421	 1.73421	 
0	 6	 0	 0	 0	 1.74193	 1.74193	 1.74193	 
0	 6.1	 0	 0	 0	 1.74953	 1.74953	 1.74953	 
0	 6.2	 0	 0	 0	 1.75704	 1.75704	 1.75704	 
0	 6.3	 0	 0	 0	 1.76443	 1.76443	 1.76443	 
0	 6.4	 0	 0	 0	 1.77173	 1.77173	 1.77173	 
0	 6.5	 0	 0	 0	 1.77894	 1.77894	 1.77894	 
0	 6.6	 0	 0	 0	 1.78605	 1.78605	 1.78605	 
0	 6.7	 0	 0	 0	 1.79308	 1.79308	 1.79308	 
0	 6.8	 0	 0	 0	 1.80001	 1.80001	 1.80001	 
0	 6.9	 0	 0	 0	 1.80685	 1.80685	 1.80685	 
0	 7	 0	 0	 0	 1.81362	 1.81362	 1.81362	 
0	 7.1	 0	 0	 0	 1.8203	 1.8203	 1.8203	 
0	 7.2	 0	 0	 0	 1.8269	 1.8269	 1.8269	 
0	 7.3	 0	 0	 0	 1.83341	 1.83341	 1.83341	 
0	 7.4	 0	 0	 0	 1.83987	 1.83987	 1.83987	 
0	 7.5	 0	 0	 0	 1.84625	 1.84625	 1.84625	 
0	 7.6	 0	 0	 0	 1.85255	 1.85255	 1.85255	 
0	 7.7	 0	 0	 0	 1.85878	 1.85878	 1.85878	 
0	 7.8	 0	 0	 0	 1.86494	 1.86494	 1.86494	 
0	 7.9	 0	 0	 0	 1.87105	 1.87105	 1.87105	 
0	 8	 0	 0	 0	 1.87707	 1.87707	 1.87707	 
0	 8.1	 0	 0	 0	 1.88304	 1.88304	 1.88304	 
0	 8.2	 0	 0	 0	 1.88894	 1.88894	 1.88894	 
0	 8.3	 0	 0	 0	 1.89477	 1.89477	 1.89477	 
0	 8.4	 0	 0	 0	 1.90055	 1.90055	 1.90055	 
0	 8.5	 0	 0	 0	 1.90626	 1.90626	 1.90626	 
0	 8.6	 0	 0	 0	 1.91193	 1.91193	 1.91193	 
0	 8.7	 0	 0	 0	 1.91756	 1.91756	 1.91756	 
0	 8.8	 0	 0	 0	 1.92309	 1.92309	 1.92309	 
0	 8.9	 0	 0	 0	 1.92858	 1.92858	 1.92858	 
0	 9	 0	 0	 0	 1.934	 1.934	 1.934	 
0	 9.1	 0	 0	 0	 1.93942	 1.93942	 1.93942	 
0	 9.2	 0	 0	 0	 1.94475	 1.94475	 1.94475	 
0	 9.3	 0	 0	 0	 1.95005	 1.95005	 1.95005	 
0	 9.4	 0	 0	 0	 1.95528	 1.95528	 1.95528	 
0	 9.5	 0	 0	 0	 1.96047	 1.96047	 1.96047	 
0	 9.6	 0	 0	 0	 1.96562	 1.96562	 1.96562	 
0	 9.7	 0	 0	 0	 1.97071	 1.97071	 1.97071	 
0	 9.8	 0	 0	 0	 1.97576	 1.97576	 1.97576	 
0	 9.9	 0	 0	 0	 1.98077	 1.98077	 1.98077	 
0	 10	 0	 0	 0	 1.98573	 1.98573	 1.98573	 
