MCore, MMantle, MWater, MGas, RCore, RMantle, RWater, RPlanet
0	 0.5	 0	 0	 0	 0.845785	 0.845785	 0.845785	 
0	 0.6	 0	 0	 0	 0.89531	 0.89531	 0.89531	 
0	 0.7	 0	 0	 0	 0.939145	 0.939145	 0.939145	 
0	 0.8	 0	 0	 0	 0.978604	 0.978604	 0.978604	 
0	 0.9	 0	 0	 0	 1.01458	 1.01458	 1.01458	 
0	 1	 0	 0	 0	 1.0477	 1.0477	 1.0477	 
0	 1.1	 0	 0	 0	 1.07844	 1.07844	 1.07844	 
0	 1.2	 0	 0	 0	 1.10715	 1.10715	 1.10715	 
0	 1.3	 0	 0	 0	 1.13411	 1.13411	 1.13411	 
0	 1.4	 0	 0	 0	 1.15955	 1.15955	 1.15955	 
0	 1.5	 0	 0	 0	 1.18365	 1.18365	 1.18365	 
0	 1.6	 0	 0	 0	 1.20655	 1.20655	 1.20655	 
0	 1.7	 0	 0	 0	 1.22839	 1.22839	 1.22839	 
0	 1.8	 0	 0	 0	 1.24926	 1.24926	 1.24926	 
0	 1.9	 0	 0	 0	 1.26926	 1.26926	 1.26926	 
0	 2	 0	 0	 0	 1.28846	 1.28846	 1.28846	 
0	 2.1	 0	 0	 0	 1.30693	 1.30693	 1.30693	 
0	 2.2	 0	 0	 0	 1.32473	 1.32473	 1.32473	 
0	 2.3	 0	 0	 0	 1.34192	 1.34192	 1.34192	 
0	 2.4	 0	 0	 0	 1.35853	 1.35853	 1.35853	 
0	 2.5	 0	 0	 0	 1.37461	 1.37461	 1.37461	 
0	 2.6	 0	 0	 0	 1.39019	 1.39019	 1.39019	 
0	 2.7	 0	 0	 0	 1.40531	 1.40531	 1.40531	 
0	 2.8	 0	 0	 0	 1.41999	 1.41999	 1.41999	 
0	 2.9	 0	 0	 0	 1.43427	 1.43427	 1.43427	 
0	 3	 0	 0	 0	 1.44816	 1.44816	 1.44816	 
0	 3.1	 0	 0	 0	 1.46169	 1.46169	 1.46169	 
0	 3.2	 0	 0	 0	 1.47488	 1.47488	 1.47488	 
0	 3.3	 0	 0	 0	 1.48774	 1.48774	 1.48774	 
0	 3.4	 0	 0	 0	 1.5003	 1.5003	 1.5003	 
0	 3.5	 0	 0	 0	 1.51257	 1.51257	 1.51257	 
0	 3.6	 0	 0	 0	 1.52456	 1.52456	 1.52456	 
0	 3.7	 0	 0	 0	 1.53628	 1.53628	 1.53628	 
0	 3.8	 0	 0	 0	 1.54776	 1.54776	 1.54776	 
0	 3.9	 0	 0	 0	 1.55899	 1.55899	 1.55899	 
0	 4	 0	 0	 0	 1.56999	 1.56999	 1.56999	 
0	 4.1	 0	 0	 0	 1.58078	 1.58078	 1.58078	 
0	 4.2	 0	 0	 0	 1.59135	 1.59135	 1.59135	 
0	 4.3	 0	 0	 0	 1.60172	 1.60172	 1.60172	 
0	 4.4	 0	 0	 0	 1.6119	 1.6119	 1.6119	 
0	 4.5	 0	 0	 0	 1.62189	 1.62189	 1.62189	 
0	 4.6	 0	 0	 0	 1.63171	 1.63171	 1.63171	 
0	 4.7	 0	 0	 0	 1.64135	 1.64135	 1.64135	 
0	 4.8	 0	 0	 0	 1.65083	 1.65083	 1.65083	 
0	 4.9	 0	 0	 0	 1.66014	 1.66014	 1.66014	 
0	 5	 0	 0	 0	 1.66931	 1.66931	 1.66931	 
0	 5.1	 0	 0	 0	 1.67832	 1.67832	 1.67832	 
0	 5.2	 0	 0	 0	 1.68719	 1.68719	 1.68719	 
0	 5.3	 0	 0	 0	 1.69592	 1.69592	 1.69592	 
0	 5.4	 0	 0	 0	 1.70452	 1.70452	 1.70452	 
0	 5.5	 0	 0	 0	 1.71299	 1.71299	 1.71299	 
0	 5.6	 0	 0	 0	 1.72133	 1.72133	 1.72133	 
0	 5.7	 0	 0	 0	 1.72956	 1.72956	 1.72956	 
0	 5.8	 0	 0	 0	 1.73766	 1.73766	 1.73766	 
0	 5.9	 0	 0	 0	 1.74565	 1.74565	 1.74565	 
0	 6	 0	 0	 0	 1.75352	 1.75352	 1.75352	 
0	 6.1	 0	 0	 0	 1.76129	 1.76129	 1.76129	 
0	 6.2	 0	 0	 0	 1.76896	 1.76896	 1.76896	 
0	 6.3	 0	 0	 0	 1.77652	 1.77652	 1.77652	 
0	 6.4	 0	 0	 0	 1.78399	 1.78399	 1.78399	 
0	 6.5	 0	 0	 0	 1.79136	 1.79136	 1.79136	 
0	 6.6	 0	 0	 0	 1.79863	 1.79863	 1.79863	 
0	 6.7	 0	 0	 0	 1.80582	 1.80582	 1.80582	 
0	 6.8	 0	 0	 0	 1.81291	 1.81291	 1.81291	 
0	 6.9	 0	 0	 0	 1.81992	 1.81992	 1.81992	 
0	 7	 0	 0	 0	 1.82684	 1.82684	 1.82684	 
0	 7.1	 0	 0	 0	 1.83369	 1.83369	 1.83369	 
0	 7.2	 0	 0	 0	 1.84045	 1.84045	 1.84045	 
0	 7.3	 0	 0	 0	 1.84713	 1.84713	 1.84713	 
0	 7.4	 0	 0	 0	 1.85374	 1.85374	 1.85374	 
0	 7.5	 0	 0	 0	 1.86028	 1.86028	 1.86028	 
0	 7.6	 0	 0	 0	 1.86674	 1.86674	 1.86674	 
0	 7.7	 0	 0	 0	 1.87313	 1.87313	 1.87313	 
0	 7.8	 0	 0	 0	 1.87945	 1.87945	 1.87945	 
0	 7.9	 0	 0	 0	 1.8857	 1.8857	 1.8857	 
0	 8	 0	 0	 0	 1.89189	 1.89189	 1.89189	 
0	 8.1	 0	 0	 0	 1.89801	 1.89801	 1.89801	 
0	 8.2	 0	 0	 0	 1.90407	 1.90407	 1.90407	 
0	 8.3	 0	 0	 0	 1.91007	 1.91007	 1.91007	 
0	 8.4	 0	 0	 0	 1.91601	 1.91601	 1.91601	 
0	 8.5	 0	 0	 0	 1.92189	 1.92189	 1.92189	 
0	 8.6	 0	 0	 0	 1.9277	 1.9277	 1.9277	 
0	 8.7	 0	 0	 0	 1.93347	 1.93347	 1.93347	 
0	 8.8	 0	 0	 0	 1.93918	 1.93918	 1.93918	 
0	 8.9	 0	 0	 0	 1.94483	 1.94483	 1.94483	 
0	 9	 0	 0	 0	 1.95043	 1.95043	 1.95043	 
0	 9.1	 0	 0	 0	 1.95597	 1.95597	 1.95597	 
0	 9.2	 0	 0	 0	 1.96147	 1.96147	 1.96147	 
0	 9.3	 0	 0	 0	 1.96691	 1.96691	 1.96691	 
0	 9.4	 0	 0	 0	 1.97231	 1.97231	 1.97231	 
0	 9.5	 0	 0	 0	 1.97765	 1.97765	 1.97765	 
0	 9.6	 0	 0	 0	 1.98295	 1.98295	 1.98295	 
0	 9.7	 0	 0	 0	 1.98821	 1.98821	 1.98821	 
0	 9.8	 0	 0	 0	 1.99341	 1.99341	 1.99341	 
0	 9.9	 0	 0	 0	 1.99857	 1.99857	 1.99857	 
0	 10	 0	 0	 0	 2.00369	 2.00369	 2.00369	 
