MCore, MMantle, MWater, MGas, RCore, RMantle, RWater, RPlanet
0.5	 0	 0	 0	 0.662042	 0.662042	 0.662042	 0.662042	 
0.6	 0	 0	 0	 0.698384	 0.698384	 0.698384	 0.698384	 
0.7	 0	 0	 0	 0.730309	 0.730309	 0.730309	 0.730309	 
0.8	 0	 0	 0	 0.758854	 0.758854	 0.758854	 0.758854	 
0.9	 0	 0	 0	 0.784718	 0.784718	 0.784718	 0.784718	 
1	 0	 0	 0	 0.808395	 0.808395	 0.808395	 0.808395	 
1.1	 0	 0	 0	 0.830253	 0.830253	 0.830253	 0.830253	 
1.2	 0	 0	 0	 0.850569	 0.850569	 0.850569	 0.850569	 
1.3	 0	 0	 0	 0.869558	 0.869558	 0.869558	 0.869558	 
1.4	 0	 0	 0	 0.887394	 0.887394	 0.887394	 0.887394	 
1.5	 0	 0	 0	 0.904217	 0.904217	 0.904217	 0.904217	 
1.6	 0	 0	 0	 0.92014	 0.92014	 0.92014	 0.92014	 
1.7	 0	 0	 0	 0.935261	 0.935261	 0.935261	 0.935261	 
1.8	 0	 0	 0	 0.949659	 0.949659	 0.949659	 0.949659	 
1.9	 0	 0	 0	 0.963403	 0.963403	 0.963403	 0.963403	 
2	 0	 0	 0	 0.976554	 0.976554	 0.976554	 0.976554	 
2.1	 0	 0	 0	 0.98916	 0.98916	 0.98916	 0.98916	 
2.2	 0	 0	 0	 1.00127	 1.00127	 1.00127	 1.00127	 
2.3	 0	 0	 0	 1.01292	 1.01292	 1.01292	 1.01292	 
2.4	 0	 0	 0	 1.02414	 1.02414	 1.02414	 1.02414	 
2.5	 0	 0	 0	 1.03497	 1.03497	 1.03497	 1.03497	 
2.6	 0	 0	 0	 1.04543	 1.04543	 1.04543	 1.04543	 
2.7	 0	 0	 0	 1.05555	 1.05555	 1.05555	 1.05555	 
2.8	 0	 0	 0	 1.06534	 1.06534	 1.06534	 1.06534	 
2.9	 0	 0	 0	 1.07484	 1.07484	 1.07484	 1.07484	 
3	 0	 0	 0	 1.08406	 1.08406	 1.08406	 1.08406	 
3.1	 0	 0	 0	 1.093	 1.093	 1.093	 1.093	 
3.2	 0	 0	 0	 1.1017	 1.1017	 1.1017	 1.1017	 
3.3	 0	 0	 0	 1.11016	 1.11016	 1.11016	 1.11016	 
3.4	 0	 0	 0	 1.11839	 1.11839	 1.11839	 1.11839	 
3.5	 0	 0	 0	 1.12641	 1.12641	 1.12641	 1.12641	 
3.6	 0	 0	 0	 1.13423	 1.13423	 1.13423	 1.13423	 
3.7	 0	 0	 0	 1.14186	 1.14186	 1.14186	 1.14186	 
3.8	 0	 0	 0	 1.1493	 1.1493	 1.1493	 1.1493	 
3.9	 0	 0	 0	 1.15656	 1.15656	 1.15656	 1.15656	 
4	 0	 0	 0	 1.16366	 1.16366	 1.16366	 1.16366	 
4.1	 0	 0	 0	 1.1706	 1.1706	 1.1706	 1.1706	 
4.2	 0	 0	 0	 1.17738	 1.17738	 1.17738	 1.17738	 
4.3	 0	 0	 0	 1.18402	 1.18402	 1.18402	 1.18402	 
4.4	 0	 0	 0	 1.19052	 1.19052	 1.19052	 1.19052	 
4.5	 0	 0	 0	 1.19688	 1.19688	 1.19688	 1.19688	 
4.6	 0	 0	 0	 1.20311	 1.20311	 1.20311	 1.20311	 
4.7	 0	 0	 0	 1.20922	 1.20922	 1.20922	 1.20922	 
4.8	 0	 0	 0	 1.21521	 1.21521	 1.21521	 1.21521	 
4.9	 0	 0	 0	 1.22108	 1.22108	 1.22108	 1.22108	 
5	 0	 0	 0	 1.22684	 1.22684	 1.22684	 1.22684	 
5.1	 0	 0	 0	 1.23249	 1.23249	 1.23249	 1.23249	 
5.2	 0	 0	 0	 1.23804	 1.23804	 1.23804	 1.23804	 
5.3	 0	 0	 0	 1.24349	 1.24349	 1.24349	 1.24349	 
5.4	 0	 0	 0	 1.24884	 1.24884	 1.24884	 1.24884	 
5.5	 0	 0	 0	 1.2541	 1.2541	 1.2541	 1.2541	 
5.6	 0	 0	 0	 1.25926	 1.25926	 1.25926	 1.25926	 
5.7	 0	 0	 0	 1.26434	 1.26434	 1.26434	 1.26434	 
5.8	 0	 0	 0	 1.26933	 1.26933	 1.26933	 1.26933	 
5.9	 0	 0	 0	 1.27424	 1.27424	 1.27424	 1.27424	 
6	 0	 0	 0	 1.27907	 1.27907	 1.27907	 1.27907	 
6.1	 0	 0	 0	 1.28383	 1.28383	 1.28383	 1.28383	 
6.2	 0	 0	 0	 1.2885	 1.2885	 1.2885	 1.2885	 
6.3	 0	 0	 0	 1.29311	 1.29311	 1.29311	 1.29311	 
6.4	 0	 0	 0	 1.29764	 1.29764	 1.29764	 1.29764	 
6.5	 0	 0	 0	 1.3021	 1.3021	 1.3021	 1.3021	 
6.6	 0	 0	 0	 1.3065	 1.3065	 1.3065	 1.3065	 
6.7	 0	 0	 0	 1.31083	 1.31083	 1.31083	 1.31083	 
6.8	 0	 0	 0	 1.3151	 1.3151	 1.3151	 1.3151	 
6.9	 0	 0	 0	 1.3193	 1.3193	 1.3193	 1.3193	 
7	 0	 0	 0	 1.32344	 1.32344	 1.32344	 1.32344	 
7.1	 0	 0	 0	 1.32753	 1.32753	 1.32753	 1.32753	 
7.2	 0	 0	 0	 1.33155	 1.33155	 1.33155	 1.33155	 
7.3	 0	 0	 0	 1.33552	 1.33552	 1.33552	 1.33552	 
7.4	 0	 0	 0	 1.33944	 1.33944	 1.33944	 1.33944	 
7.5	 0	 0	 0	 1.3433	 1.3433	 1.3433	 1.3433	 
7.6	 0	 0	 0	 1.34711	 1.34711	 1.34711	 1.34711	 
7.7	 0	 0	 0	 1.35087	 1.35087	 1.35087	 1.35087	 
7.8	 0	 0	 0	 1.35458	 1.35458	 1.35458	 1.35458	 
7.9	 0	 0	 0	 1.35824	 1.35824	 1.35824	 1.35824	 
8	 0	 0	 0	 1.36185	 1.36185	 1.36185	 1.36185	 
8.1	 0	 0	 0	 1.36542	 1.36542	 1.36542	 1.36542	 
8.2	 0	 0	 0	 1.36894	 1.36894	 1.36894	 1.36894	 
8.3	 0	 0	 0	 1.37242	 1.37242	 1.37242	 1.37242	 
8.4	 0	 0	 0	 1.37585	 1.37585	 1.37585	 1.37585	 
8.5	 0	 0	 0	 1.37924	 1.37924	 1.37924	 1.37924	 
8.6	 0	 0	 0	 1.38259	 1.38259	 1.38259	 1.38259	 
8.7	 0	 0	 0	 1.3859	 1.3859	 1.3859	 1.3859	 
8.8	 0	 0	 0	 1.38916	 1.38916	 1.38916	 1.38916	 
8.9	 0	 0	 0	 1.39239	 1.39239	 1.39239	 1.39239	 
9	 0	 0	 0	 1.39558	 1.39558	 1.39558	 1.39558	 
9.1	 0	 0	 0	 1.39874	 1.39874	 1.39874	 1.39874	 
9.2	 0	 0	 0	 1.40185	 1.40185	 1.40185	 1.40185	 
9.3	 0	 0	 0	 1.40493	 1.40493	 1.40493	 1.40493	 
9.4	 0	 0	 0	 1.40797	 1.40797	 1.40797	 1.40797	 
9.5	 0	 0	 0	 1.41098	 1.41098	 1.41098	 1.41098	 
9.6	 0	 0	 0	 1.41396	 1.41396	 1.41396	 1.41396	 
9.7	 0	 0	 0	 1.4169	 1.4169	 1.4169	 1.4169	 
9.8	 0	 0	 0	 1.41981	 1.41981	 1.41981	 1.41981	 
9.9	 0	 0	 0	 1.42268	 1.42268	 1.42268	 1.42268	 
10	 0	 0	 0	 1.42552	 1.42552	 1.42552	 1.42552	 
