MCore, MMantle, MWater, MGas, RCore, RMantle, RWater, RPlanet
0.5	 0	 0	 0	 0.646382	 0.646382	 0.646382	 0.646382	 
0.6	 0	 0	 0	 0.681414	 0.681414	 0.681414	 0.681414	 
0.7	 0	 0	 0	 0.71223	 0.71223	 0.71223	 0.71223	 
0.8	 0	 0	 0	 0.739822	 0.739822	 0.739822	 0.739822	 
0.9	 0	 0	 0	 0.764863	 0.764863	 0.764863	 0.764863	 
1	 0	 0	 0	 0.787827	 0.787827	 0.787827	 0.787827	 
1.1	 0	 0	 0	 0.809063	 0.809063	 0.809063	 0.809063	 
1.2	 0	 0	 0	 0.828835	 0.828835	 0.828835	 0.828835	 
1.3	 0	 0	 0	 0.84735	 0.84735	 0.84735	 0.84735	 
1.4	 0	 0	 0	 0.864773	 0.864773	 0.864773	 0.864773	 
1.5	 0	 0	 0	 0.881237	 0.881237	 0.881237	 0.881237	 
1.6	 0	 0	 0	 0.89685	 0.89685	 0.89685	 0.89685	 
1.7	 0	 0	 0	 0.911704	 0.911704	 0.911704	 0.911704	 
1.8	 0	 0	 0	 0.925875	 0.925875	 0.925875	 0.925875	 
1.9	 0	 0	 0	 0.939428	 0.939428	 0.939428	 0.939428	 
2	 0	 0	 0	 0.952419	 0.952419	 0.952419	 0.952419	 
2.1	 0	 0	 0	 0.964898	 0.964898	 0.964898	 0.964898	 
2.2	 0	 0	 0	 0.976905	 0.976905	 0.976905	 0.976905	 
2.3	 0	 0	 0	 0.988479	 0.988479	 0.988479	 0.988479	 
2.4	 0	 0	 0	 0.999651	 0.999651	 0.999651	 0.999651	 
2.5	 0	 0	 0	 1.01045	 1.01045	 1.01045	 1.01045	 
2.6	 0	 0	 0	 1.0209	 1.0209	 1.0209	 1.0209	 
2.7	 0	 0	 0	 1.03103	 1.03103	 1.03103	 1.03103	 
2.8	 0	 0	 0	 1.04086	 1.04086	 1.04086	 1.04086	 
2.9	 0	 0	 0	 1.0504	 1.0504	 1.0504	 1.0504	 
3	 0	 0	 0	 1.05968	 1.05968	 1.05968	 1.05968	 
3.1	 0	 0	 0	 1.0687	 1.0687	 1.0687	 1.0687	 
3.2	 0	 0	 0	 1.07749	 1.07749	 1.07749	 1.07749	 
3.3	 0	 0	 0	 1.08605	 1.08605	 1.08605	 1.08605	 
3.4	 0	 0	 0	 1.09441	 1.09441	 1.09441	 1.09441	 
3.5	 0	 0	 0	 1.10256	 1.10256	 1.10256	 1.10256	 
3.6	 0	 0	 0	 1.11051	 1.11051	 1.11051	 1.11051	 
3.7	 0	 0	 0	 1.11829	 1.11829	 1.11829	 1.11829	 
3.8	 0	 0	 0	 1.12589	 1.12589	 1.12589	 1.12589	 
3.9	 0	 0	 0	 1.13333	 1.13333	 1.13333	 1.13333	 
4	 0	 0	 0	 1.14061	 1.14061	 1.14061	 1.14061	 
4.1	 0	 0	 0	 1.14774	 1.14774	 1.14774	 1.14774	 
4.2	 0	 0	 0	 1.15473	 1.15473	 1.15473	 1.15473	 
4.3	 0	 0	 0	 1.16157	 1.16157	 1.16157	 1.16157	 
4.4	 0	 0	 0	 1.16828	 1.16828	 1.16828	 1.16828	 
4.5	 0	 0	 0	 1.17487	 1.17487	 1.17487	 1.17487	 
4.6	 0	 0	 0	 1.18133	 1.18133	 1.18133	 1.18133	 
4.7	 0	 0	 0	 1.18768	 1.18768	 1.18768	 1.18768	 
4.8	 0	 0	 0	 1.19391	 1.19391	 1.19391	 1.19391	 
4.9	 0	 0	 0	 1.20003	 1.20003	 1.20003	 1.20003	 
5	 0	 0	 0	 1.20605	 1.20605	 1.20605	 1.20605	 
5.1	 0	 0	 0	 1.21197	 1.21197	 1.21197	 1.21197	 
5.2	 0	 0	 0	 1.21779	 1.21779	 1.21779	 1.21779	 
5.3	 0	 0	 0	 1.22351	 1.22351	 1.22351	 1.22351	 
5.4	 0	 0	 0	 1.22914	 1.22914	 1.22914	 1.22914	 
5.5	 0	 0	 0	 1.23468	 1.23468	 1.23468	 1.23468	 
5.6	 0	 0	 0	 1.24014	 1.24014	 1.24014	 1.24014	 
5.7	 0	 0	 0	 1.24551	 1.24551	 1.24551	 1.24551	 
5.8	 0	 0	 0	 1.25081	 1.25081	 1.25081	 1.25081	 
5.9	 0	 0	 0	 1.25602	 1.25602	 1.25602	 1.25602	 
6	 0	 0	 0	 1.26116	 1.26116	 1.26116	 1.26116	 
6.1	 0	 0	 0	 1.26623	 1.26623	 1.26623	 1.26623	 
6.2	 0	 0	 0	 1.27123	 1.27123	 1.27123	 1.27123	 
6.3	 0	 0	 0	 1.27615	 1.27615	 1.27615	 1.27615	 
6.4	 0	 0	 0	 1.28101	 1.28101	 1.28101	 1.28101	 
6.5	 0	 0	 0	 1.2858	 1.2858	 1.2858	 1.2858	 
6.6	 0	 0	 0	 1.29053	 1.29053	 1.29053	 1.29053	 
6.7	 0	 0	 0	 1.2952	 1.2952	 1.2952	 1.2952	 
6.8	 0	 0	 0	 1.29981	 1.29981	 1.29981	 1.29981	 
6.9	 0	 0	 0	 1.30436	 1.30436	 1.30436	 1.30436	 
7	 0	 0	 0	 1.30885	 1.30885	 1.30885	 1.30885	 
7.1	 0	 0	 0	 1.31329	 1.31329	 1.31329	 1.31329	 
7.2	 0	 0	 0	 1.31767	 1.31767	 1.31767	 1.31767	 
7.3	 0	 0	 0	 1.322	 1.322	 1.322	 1.322	 
7.4	 0	 0	 0	 1.32627	 1.32627	 1.32627	 1.32627	 
7.5	 0	 0	 0	 1.3305	 1.3305	 1.3305	 1.3305	 
7.6	 0	 0	 0	 1.33468	 1.33468	 1.33468	 1.33468	 
7.7	 0	 0	 0	 1.33881	 1.33881	 1.33881	 1.33881	 
7.8	 0	 0	 0	 1.34289	 1.34289	 1.34289	 1.34289	 
7.9	 0	 0	 0	 1.34693	 1.34693	 1.34693	 1.34693	 
8	 0	 0	 0	 1.35092	 1.35092	 1.35092	 1.35092	 
8.1	 0	 0	 0	 1.35486	 1.35486	 1.35486	 1.35486	 
8.2	 0	 0	 0	 1.35877	 1.35877	 1.35877	 1.35877	 
8.3	 0	 0	 0	 1.36263	 1.36263	 1.36263	 1.36263	 
8.4	 0	 0	 0	 1.36645	 1.36645	 1.36645	 1.36645	 
8.5	 0	 0	 0	 1.37023	 1.37023	 1.37023	 1.37023	 
8.6	 0	 0	 0	 1.37398	 1.37398	 1.37398	 1.37398	 
8.7	 0	 0	 0	 1.37768	 1.37768	 1.37768	 1.37768	 
8.8	 0	 0	 0	 1.38135	 1.38135	 1.38135	 1.38135	 
8.9	 0	 0	 0	 1.38497	 1.38497	 1.38497	 1.38497	 
9	 0	 0	 0	 1.38857	 1.38857	 1.38857	 1.38857	 
9.1	 0	 0	 0	 1.39212	 1.39212	 1.39212	 1.39212	 
9.2	 0	 0	 0	 1.39564	 1.39564	 1.39564	 1.39564	 
9.3	 0	 0	 0	 1.39913	 1.39913	 1.39913	 1.39913	 
9.4	 0	 0	 0	 1.40259	 1.40259	 1.40259	 1.40259	 
9.5	 0	 0	 0	 1.40601	 1.40601	 1.40601	 1.40601	 
9.6	 0	 0	 0	 1.4094	 1.4094	 1.4094	 1.4094	 
9.7	 0	 0	 0	 1.41275	 1.41275	 1.41275	 1.41275	 
9.8	 0	 0	 0	 1.41608	 1.41608	 1.41608	 1.41608	 
9.9	 0	 0	 0	 1.41938	 1.41938	 1.41938	 1.41938	 
10	 0	 0	 0	 1.42264	 1.42264	 1.42264	 1.42264	 
