MCore, MMantle, MWater, MGas, RCore, RMantle, RWater, RPlanet
0	 0	 0.5	 0	 0	 0	 1.16067	 1.16067	 
0	 0	 0.6	 0	 0	 0	 1.22234	 1.22234	 
0	 0	 0.7	 0	 0	 0	 1.27643	 1.27643
0	 0	 0.8	 0	 0	 0	 1.32485	 1.32485	 
0	 0	 0.9	 0	 0	 0	 1.36908	 1.36908
0	 0	 1	 0	 0	 0	 1.40988	 1.40988
0	 0	 1.1	 0	 0	 0	 1.44789	 1.44789	 
0	 0	 1.2	 0	 0	 0	 1.48341	 1.48341	 
0	 0	 1.3	 0	 0	 0	 1.51692	 1.51692
0	 0	 1.4	 0	 0	 0	 1.54854	 1.54854	 
0	 0	 1.5	 0	 0	 0	 1.57866	 1.57866
0	 0	 1.6	 0	 0	 0	 1.60724	 1.60724	 
0	 0	 1.7	 0	 0	 0	 1.63427	 1.63427	 
0	 0	 1.8	 0	 0	 0	 1.66033	 1.66033	 
0	 0	 1.9	 0	 0	 0	 1.68526	 1.68526
0	 0	 2	 0	 0	 0	 1.70916	 1.70916	 
0	 0	 2.1	 0	 0	 0	 1.73219	 1.73219	 
0	 0	 2.2	 0	 0	 0	 1.75445	 1.75445	 
0	 0	 2.3	 0	 0	 0	 1.7758	 1.7758	 
0	 0	 2.4	 0	 0	 0	 1.79645	 1.79645	 
0	 0	 2.5	 0	 0	 0	 1.81644	 1.81644	 
0	 0	 2.6	 0	 0	 0	 1.83588	 1.83588	 
0	 0	 2.7	 0	 0	 0	 1.85461	 1.85461	 
0	 0	 2.8	 0	 0	 0	 1.87285	 1.87285	 
0	 0	 2.9	 0	 0	 0	 1.89057	 1.89057	 
0	 0	 3	 0	 0	 0	 1.90774	 1.90774	 
0	 0	 3.1	 0	 0	 0	 1.92452	 1.92452	 
0	 0	 3.2	 0	 0	 0	 1.94087	 1.94087	 
0	 0	 3.3	 0	 0	 0	 1.95681	 1.95681	 
0	 0	 3.4	 0	 0	 0	 1.97237	 1.97237	 
0	 0	 3.5	 0	 0	 0	 1.98756	 1.98756
0	 0	 3.6	 0	 0	 0	 2.00241	 2.00241
0	 0	 3.7	 0	 0	 0	 2.01689	 2.01689	 
0	 0	 3.8	 0	 0	 0	 2.0311	 2.0311	 
0	 0	 3.9	 0	 0	 0	 2.04501	 2.04501	 
0	 0	 4	 0	 0	 0	 2.05864	 2.05864	 
0	 0	 4.1	 0	 0	 0	 2.07199	 2.07199	 
0	 0	 4.2	 0	 0	 0	 2.08508	 2.08508	 
0	 0	 4.3	 0	 0	 0	 2.09793	 2.09793	 
0	 0	 4.4	 0	 0	 0	 2.11054	 2.11054	 
0	 0	 4.5	 0	 0	 0	 2.12292	 2.12292	 
0	 0	 4.6	 0	 0	 0	 2.13507	 2.13507	 
0	 0	 4.7	 0	 0	 0	 2.14702	 2.14702	 
0	 0	 4.8	 0	 0	 0	 2.15875	 2.15875	 
0	 0	 4.9	 0	 0	 0	 2.17029	 2.17029	 
0	 0	 5	 0	 0	 0	 2.18164	 2.18164	 
0	 0	 5.1	 0	 0	 0	 2.19281	 2.19281	 
0	 0	 5.2	 0	 0	 0	 2.20379	 2.20379	 
0	 0	 5.3	 0	 0	 0	 2.2146	 2.2146	 
0	 0	 5.4	 0	 0	 0	 2.22525	 2.22525	 
0	 0	 5.5	 0	 0	 0	 2.23574	 2.23574	 
0	 0	 5.6	 0	 0	 0	 2.24606	 2.24606	 
0	 0	 5.7	 0	 0	 0	 2.25624	 2.25624	 
0	 0	 5.8	 0	 0	 0	 2.26627	 2.26627	 
0	 0	 5.9	 0	 0	 0	 2.27616	 2.27616	 
0	 0	 6	 0	 0	 0	 2.28591	 2.28591	 
0	 0	 6.1	 0	 0	 0	 2.29552	 2.29552	 
0	 0	 6.2	 0	 0	 0	 2.305	 2.305	 
0	 0	 6.3	 0	 0	 0	 2.31436	 2.31436	 
0	 0	 6.4	 0	 0	 0	 2.32359	 2.32359	 
0	 0	 6.5	 0	 0	 0	 2.3327	 2.3327	 
0	 0	 6.6	 0	 0	 0	 2.3417	 2.3417	 
0	 0	 6.7	 0	 0	 0	 2.35059	 2.35059	 
0	 0	 6.8	 0	 0	 0	 2.35936	 2.35936	 
0	 0	 6.9	 0	 0	 0	 2.36803	 2.36803	 
0	 0	 7	 0	 0	 0	 2.37659	 2.37659	 
0	 0	 7.1	 0	 0	 0	 2.38506	 2.38506	 
0	 0	 7.2	 0	 0	 0	 2.39342	 2.39342	 
0	 0	 7.3	 0	 0	 0	 2.40168	 2.40168	 
0	 0	 7.4	 0	 0	 0	 2.40985	 2.40985	 
0	 0	 7.5	 0	 0	 0	 2.41793	 2.41793	 
0	 0	 7.6	 0	 0	 0	 2.42593	 2.42593	 
0	 0	 7.7	 0	 0	 0	 2.43383	 2.43383	 
0	 0	 7.8	 0	 0	 0	 2.44164	 2.44164	 
0	 0	 7.9	 0	 0	 0	 2.44938	 2.44938	 
0	 0	 8	 0	 0	 0	 2.45703	 2.45703	 
0	 0	 8.1	 0	 0	 0	 2.46461	 2.46461	 
0	 0	 8.2	 0	 0	 0	 2.47209	 2.47209	 
0	 0	 8.3	 0	 0	 0	 2.47948	 2.47948	 
0	 0	 8.4	 0	 0	 0	 2.48686	 2.48686	 
0	 0	 8.5	 0	 0	 0	 2.49412	 2.49412	 
0	 0	 8.6	 0	 0	 0	 2.50132	 2.50132	 
0	 0	 8.7	 0	 0	 0	 2.50845	 2.50845	 
0	 0	 8.8	 0	 0	 0	 2.51552	 2.51552	 
0	 0	 8.9	 0	 0	 0	 2.52252	 2.52252	 
0	 0	 9	 0	 0	 0	 2.52945	 2.52945	 
0	 0	 9.1	 0	 0	 0	 2.53632	 2.53632	 
0	 0	 9.2	 0	 0	 0	 2.54312	 2.54312	 
0	 0	 9.3	 0	 0	 0	 2.54986	 2.54986	 
0	 0	 9.4	 0	 0	 0	 2.55655	 2.55655	 
0	 0	 9.5	 0	 0	 0	 2.56316	 2.56316	 
0	 0	 9.6	 0	 0	 0	 2.56971	 2.56971	 
0	 0	 9.7	 0	 0	 0	 2.57622	 2.57622	 
0	 0	 9.8	 0	 0	 0	 2.58267	 2.58267	 
0	 0	 9.9	 0	 0	 0	 2.58907	 2.58907	 
0	 0	 10	 0	 0	 0	 2.5954	 2.5954	 
